1000 3218 10 1
153 253 268 478 500 664 762 903 991 997
820 540 35
476 308 97
345 879 76
534 659 98
889 887 0
993 715 52
844 523 17
955 123 70
727 433 96
601 688 84
600 626 84
525 54 19
996 677 40
939 398 92
941 599 34
945 425 83
7 683 32
413 130 60
58 220 94
208 928 8
404 967 82
327 880 31
360 893 27
416 273 71
575 594 38
561 800 95
414 398 35
500 255 57
457 81 84
542 944 79
344 540 6
25 411 71
785 626 28
58 636 34
339 70 21
644 246 81
848 660 87
825 584 38
726 150 51
916 310 35
443 876 74
874 172 36
922 148 54
698 984 14
473 238 80
819 249 89
897 518 49
175 108 12
966 928 1
31 782 95
446 375 73
990 879 35
644 654 78
242 928 52
985 583 6
21 423 17
825 798 48
559 509 93
968 39 26
0 269 84
199 708 24
525 134 84
676 811 7
240 625 5
848 151 19
913 522 28
478 107 86
486 216 58
780 63 18
652 667 37
612 49 93
479 201 93
848 584 25
121 248 0
65 642 59
343 400 58
734 67 41
521 301 61
644 384 22
179 857 94
528 767 56
651 131 95
267 140 29
402 840 35
985 557 48
525 378 87
417 997 4
612 73 48
482 818 33
669 994 30
580 428 84
560 743 9
122 788 67
122 35 91
50 375 14
525 186 86
167 101 19
350 779 0
900 222 96
615 515 37
803 585 90
57 387 41
941 418 82
27 304 15
662 551 41
547 656 42
657 914 73
361 538 82
850 554 3
7 385 48
469 823 76
636 803 59
971 601 43
328 11 57
182 126 46
428 346 43
819 9 97
715 717 50
429 713 43
71 696 30
305 700 33
519 24 27
7 399 39
592 598 0
511 549 18
296 700 6
485 130 38
788 375 89
912 140 6
505 377 34
534 38 79
621 86 48
957 403 27
308 130 61
437 307 16
759 302 69
761 924 55
298 569 41
651 690 3
296 387 58
36 373 89
308 174 32
173 855 70
256 626 33
918 608 41
257 523 68
87 744 28
896 67 38
98 961 19
667 542 72
223 239 20
693 31 52
227 856 51
945 100 12
589 432 52
92 763 70
525 508 18
857 834 90
576 270 11
629 706 76
850 373 76
434 337 90
912 411 25
102 192 3
852 225 52
737 679 41
591 198 24
456 766 59
904 680 34
536 646 80
486 781 70
828 47 24
58 824 12
837 594 40
213 230 9
811 360 53
957 620 60
261 815 37
673 791 92
54 831 79
412 982 61
150 317 64
88 214 31
125 973 13
41 436 76
842 342 35
578 727 35
791 927 94
134 907 77
466 805 46
384 52 23
141 313 5
950 898 89
985 348 48
827 895 61
587 230 93
897 289 41
573 979 85
429 206 52
27 541 27
789 181 65
323 963 22
208 237 51
534 328 29
436 951 14
588 784 60
2 402 83
746 209 75
451 381 50
485 171 27
971 702 54
423 330 63
648 540 91
571 995 38
348 198 28
535 375 20
720 835 25
230 800 15
956 305 14
686 247 3
36 109 62
880 911 89
945 553 60
746 502 3
981 222 37
574 39 21
506 21 96
811 437 30
412 403 7
127 211 48
518 689 58
990 432 24
358 739 23
980 299 61
389 911 54
850 134 37
35 988 22
447 917 89
811 730 12
60 282 24
661 370 68
944 798 19
693 426 87
168 181 11
700 587 9
969 282 16
56 647 31
968 507 34
362 171 31
262 827 98
222 13 89
373 993 45
339 909 87
437 810 50
364 941 48
926 301 77
783 716 71
622 731 96
364 447 59
678 534 30
890 3 97
394 481 17
692 252 7
412 52 20
60 912 31
141 381 61
188 252 9
812 351 5
215 808 2
186 673 74
350 284 29
657 412 70
618 162 93
196 384 16
202 396 81
985 239 54
248 983 84
452 912 13
869 113 88
159 633 68
378 855 11
253 524 30
549 64 13
983 767 50
162 405 80
116 559 14
117 563 27
310 406 3
950 731 62
373 312 87
296 314 34
77 875 59
757 403 56
241 17 93
713 57 31
462 801 87
654 617 54
842 845 41
32 284 92
574 939 56
879 626 15
849 359 73
897 58 78
868 780 60
777 243 42
526 617 59
100 603 14
300 446 26
254 896 24
792 446 54
24 439 94
78 418 35
220 454 84
939 128 60
236 205 38
961 26 16
947 902 26
65 628 65
586 623 20
480 6 40
804 220 52
998 210 6
667 197 0
539 544 61
807 831 99
190 581 83
898 707 48
363 605 5
506 767 24
41 452 93
227 998 13
874 837 39
989 796 66
842 761 91
376 298 99
723 921 8
629 172 2
700 150 65
609 550 87
676 7 27
907 152 20
985 164 33
816 519 14
411 5 56
254 383 45
373 328 52
194 363 73
797 359 23
786 5 18
463 314 45
914 0 64
384 695 22
597 728 51
831 704 16
733 70 83
754 988 2
566 134 99
149 933 84
78 745 59
324 268 24
437 84 29
763 481 72
297 492 15
644 816 95
865 346 15
134 368 67
165 408 56
573 508 17
162 151 84
358 719 95
231 762 96
113 9 4
236 296 28
312 736 11
940 777 61
428 38 74
474 387 15
403 663 86
962 33 97
971 239 33
981 58 31
403 484 13
528 552 8
588 725 34
36 38 29
904 463 43
360 279 36
536 244 81
241 711 27
322 172 47
88 582 57
129 303 8
23 88 19
931 981 24
132 603 4
705 800 86
528 406 91
45 31 12
676 900 55
158 708 76
325 835 7
628 876 52
216 668 32
819 578 87
553 569 15
903 215 45
968 833 61
808 879 30
446 189 31
208 289 11
2 203 16
321 52 62
612 600 76
7 848 24
906 80 96
379 102 58
50 234 19
798 64 84
748 337 39
383 190 99
277 90 31
17 580 48
470 341 7
569 610 2
796 826 72
574 220 63
517 934 40
778 450 64
29 788 75
406 67 96
594 569 92
984 978 34
980 469 48
363 95 24
145 317 22
236 157 15
350 502 70
342 896 35
834 6 45
783 560 1
529 336 98
809 998 61
133 534 16
97 47 75
708 73 37
957 631 64
682 909 33
557 199 57
721 870 49
590 639 24
315 870 56
443 877 32
889 205 72
144 367 63
588 194 87
226 893 44
371 329 27
147 255 27
611 165 60
95 841 54
254 236 75
164 168 52
121 316 41
36 981 23
554 257 29
580 965 63
336 626 38
311 700 99
113 515 98
950 169 36
509 175 52
472 960 97
784 960 49
36 592 20
488 641 24
17 149 87
942 97 85
753 877 57
199 161 96
842 835 86
595 60 33
188 141 4
682 683 70
245 797 5
925 637 19
157 266 57
622 90 49
162 71 98
872 175 37
310 260 62
588 586 53
799 363 12
486 421 14
283 163 94
447 146 88
122 585 43
711 347 9
259 79 78
207 64 94
479 728 59
961 760 14
242 941 99
916 321 8
851 741 16
546 529 19
906 28 32
27 534 3
122 69 4
406 960 41
426 932 51
2 932 90
536 183 74
356 735 55
652 200 61
629 818 79
297 727 26
17 289 70
219 816 81
350 240 25
183 689 59
857 153 43
500 224 30
51 113 72
502 547 9
35 925 76
490 363 12
904 933 53
328 312 85
588 413 90
435 454 99
417 785 96
982 517 57
920 340 98
316 979 5
815 930 73
455 609 18
500 934 37
122 602 28
477 97 22
88 474 79
255 925 31
804 834 65
906 6 53
619 593 38
452 562 78
10 118 85
792 692 64
404 942 48
223 628 66
798 587 89
526 941 8
486 548 61
592 59 71
915 451 32
187 887 70
559 503 47
882 295 44
124 182 75
484 787 84
636 650 86
974 14 75
982 589 81
955 366 43
510 404 25
340 175 86
903 684 68
431 211 43
875 584 23
248 508 48
927 416 18
319 334 54
130 927 79
977 201 83
188 857 8
956 250 17
974 626 13
599 562 93
590 704 82
705 570 61
711 502 11
33 958 23
177 226 21
246 576 72
244 648 95
536 199 5
197 531 42
522 467 42
367 718 49
405 42 70
70 700 79
994 790 88
58 305 45
380 700 60
566 392 83
848 602 70
69 340 46
248 50 52
252 789 66
42 735 21
906 417 0
781 211 36
977 45 76
850 379 32
3 859 19
248 211 36
640 721 49
500 489 84
130 861 29
68 901 83
516 457 45
646 464 40
934 881 7
970 630 19
874 480 12
380 149 2
506 51 24
555 630 6
245 481 96
242 561 26
299 340 76
423 952 75
539 856 14
560 228 73
407 196 87
733 809 49
942 346 96
863 948 33
293 927 1
860 808 14
757 358 7
86 217 54
324 3 50
62 408 35
391 304 38
53 60 69
788 686 71
134 624 87
476 429 53
323 734 52
205 915 71
208 216 50
653 421 92
655 445 78
611 796 21
644 651 56
316 849 32
796 413 98
58 773 14
982 884 80
364 160 76
594 445 43
887 597 56
945 400 42
219 574 16
119 272 43
419 64 91
561 232 64
319 508 29
843 406 45
508 19 78
678 692 88
179 793 51
956 977 28
804 731 23
368 247 89
190 284 49
819 308 46
255 653 76
610 597 54
868 111 98
865 252 99
133 831 5
947 154 42
675 294 29
164 11 78
116 320 50
410 113 61
664 180 28
914 474 64
956 122 94
617 915 4
592 455 7
172 250 50
870 234 46
955 473 76
343 849 45
390 280 90
116 60 40
748 682 26
850 448 35
990 162 19
820 582 14
296 793 86
242 454 47
545 458 89
406 161 75
797 623 97
652 483 35
980 214 3
949 501 51
10 442 33
494 650 3
702 279 8
223 880 75
613 507 84
118 760 39
945 522 25
868 350 98
62 439 67
364 621 42
881 911 92
941 744 72
673 322 49
29 571 94
735 290 70
553 151 25
820 684 39
779 114 60
747 562 18
737 254 18
44 275 95
101 836 37
205 484 32
121 594 33
490 530 84
87 560 74
129 16 60
344 228 33
628 1 9
503 760 64
934 801 37
316 724 43
12 462 19
423 315 45
532 387 70
54 318 3
23 891 84
843 486 48
285 424 1
275 276 52
951 661 90
686 579 45
78 391 76
283 559 91
436 561 39
412 459 46
924 858 69
941 350 79
328 158 59
403 441 87
841 13 97
746 80 54
611 532 24
992 716 81
680 243 40
517 271 60
166 237 55
133 638 0
233 190 46
70 412 17
352 872 64
526 101 83
730 370 12
164 94 35
249 579 28
155 605 82
177 974 39
477 237 65
174 755 82
350 180 92
852 982 69
309 921 72
855 958 38
119 609 45
535 930 16
526 70 77
25 521 43
310 59 85
519 460 8
885 659 2
971 4 72
438 482 57
584 589 9
906 560 48
68 988 91
830 961 49
972 788 60
566 783 46
238 711 49
122 136 58
325 996 63
0 275 66
916 841 41
702 962 75
500 617 1
907 663 22
480 25 10
776 106 92
727 797 39
469 770 92
245 799 85
287 336 8
935 312 17
606 664 75
963 568 5
940 844 33
713 382 52
536 942 48
107 123 70
339 40 13
847 948 3
647 911 94
792 204 70
43 307 12
494 132 94
248 154 61
884 172 13
1 591 54
182 89 60
959 874 62
981 380 65
348 902 75
837 519 80
668 355 6
325 286 3
816 166 82
105 106 80
503 522 13
982 149 74
525 395 19
469 483 57
923 232 11
86 34 79
678 913 26
502 369 86
797 75 84
736 627 11
116 310 91
478 994 85
837 332 81
944 456 4
219 402 88
573 863 75
121 259 26
817 548 52
103 901 69
473 761 40
378 826 65
590 655 76
643 632 0
557 324 79
917 738 93
402 237 75
239 622 60
406 603 99
824 628 78
81 701 94
219 901 32
147 520 43
605 781 20
828 937 51
574 255 53
236 838 32
613 134 31
443 754 31
321 679 70
621 219 67
129 510 43
543 544 61
338 254 52
638 795 76
733 294 17
531 234 92
804 886 52
129 968 96
248 197 96
975 192 73
21 459 36
652 490 13
248 965 1
574 833 36
768 828 93
648 893 94
487 749 63
12 456 5
374 547 46
681 418 42
643 959 99
914 477 78
869 4 37
833 641 19
955 845 81
223 719 42
557 988 3
746 533 64
296 723 74
72 921 74
982 984 32
129 252 69
937 452 87
52 271 36
121 560 45
625 614 57
212 802 29
788 548 49
184 790 53
608 553 77
419 411 23
375 647 89
970 193 91
92 75 76
798 623 25
252 183 36
469 631 71
906 655 88
525 516 93
599 460 69
846 355 82
959 697 44
223 557 47
744 265 72
611 512 15
744 707 28
474 182 14
953 856 19
906 563 93
324 594 40
500 371 45
971 332 77
362 385 9
535 766 32
731 57 13
687 729 55
894 929 89
924 514 94
629 714 4
241 982 94
941 194 72
653 969 79
611 40 83
838 552 15
586 457 56
261 521 60
410 555 51
341 471 79
684 491 49
570 986 44
977 311 48
24 489 83
602 850 40
546 424 47
546 171 55
80 416 55
207 976 75
78 530 22
804 996 74
955 702 20
813 744 14
500 892 19
573 820 49
648 414 24
652 238 4
811 115 63
851 455 31
283 470 45
588 575 9
447 601 87
361 126 40
601 224 33
235 276 19
224 556 75
769 139 48
490 847 75
734 222 36
916 807 51
339 337 6
848 53 37
229 200 47
258 108 54
133 681 72
511 68 87
678 78 1
845 423 80
842 616 43
194 825 28
268 161 2
701 782 69
508 117 1
981 559 16
134 780 89
166 862 50
865 72 92
813 463 45
247 355 65
385 822 75
651 152 42
85 703 75
621 399 63
498 77 82
9 546 8
931 199 82
871 828 10
297 669 9
615 33 9
866 863 46
539 191 60
356 54 15
368 907 35
120 310 8
644 289 21
526 90 7
555 22 47
364 625 74
455 73 87
178 257 90
119 976 2
277 21 41
289 606 60
655 624 55
308 86 10
226 728 1
678 667 58
516 503 2
413 184 46
568 795 23
58 257 78
351 976 88
794 134 50
63 69 93
320 336 23
735 758 11
54 751 75
588 977 85
139 885 20
540 608 36
897 28 31
322 846 80
366 712 51
308 43 18
63 172 40
7 83 24
9 997 25
392 269 88
824 294 98
531 37 13
658 732 78
896 911 52
205 926 6
965 492 90
16 209 8
892 273 16
533 930 91
754 687 66
12 968 19
956 61 89
998 415 41
56 663 49
197 474 30
711 535 92
767 561 94
596 243 5
889 604 55
308 484 21
751 878 90
308 709 75
812 987 57
100 675 73
142 175 55
61 905 60
166 858 91
253 621 48
829 656 84
339 361 68
405 765 36
0 902 82
902 803 81
871 944 66
732 230 86
342 218 88
173 484 57
977 495 46
909 19 56
618 988 0
557 129 64
622 467 75
7 424 90
167 44 6
419 300 76
828 770 72
977 989 50
17 699 70
433 876 77
513 206 5
536 780 91
236 499 19
955 731 80
236 614 0
473 80 92
199 19 87
693 23 60
955 42 35
526 989 87
995 774 44
481 745 3
511 264 23
495 265 78
813 115 37
122 813 42
693 324 65
360 470 77
311 543 51
88 532 63
470 463 33
17 640 51
316 924 28
657 768 61
886 610 93
58 263 34
185 437 37
606 601 65
421 317 36
528 738 60
348 747 94
869 352 93
595 833 3
614 451 65
177 945 25
298 433 4
574 311 57
162 414 12
549 14 64
685 204 44
573 301 52
515 13 61
71 474 0
464 926 75
362 229 91
745 471 37
508 5 69
991 275 8
164 279 66
431 218 20
167 627 72
270 999 99
634 178 24
155 857 0
216 504 60
857 140 17
644 236 86
517 938 50
962 717 35
984 856 22
768 363 62
115 257 81
931 628 15
311 854 17
888 615 47
540 4 40
80 544 21
316 41 56
233 101 4
652 463 38
782 836 1
799 823 56
239 252 51
342 764 1
516 494 84
215 854 42
36 457 90
526 691 53
31 784 51
868 499 56
494 542 26
238 285 75
525 910 7
43 957 50
906 233 75
794 340 20
692 615 19
898 345 61
11 48 22
14 158 6
100 760 35
675 782 84
671 351 88
611 55 2
828 247 1
338 84 35
572 563 94
277 73 75
614 544 43
344 605 50
216 404 13
185 67 96
449 108 7
663 815 16
123 963 49
5 472 43
603 387 58
573 526 39
519 377 48
812 333 61
242 871 47
903 496 26
208 987 36
191 32 55
919 294 76
391 187 63
842 78 75
60 865 48
18 468 76
590 469 97
511 565 54
526 850 63
913 79 33
613 322 42
769 4 65
644 734 86
748 191 29
982 474 11
473 398 61
839 713 73
233 245 62
843 221 26
62 662 21
819 139 21
968 486 42
930 47 71
754 33 64
639 791 1
410 72 62
950 622 64
80 650 14
293 549 10
906 251 91
162 485 3
441 74 17
812 462 67
990 949 66
699 533 92
643 918 15
323 117 95
904 753 41
843 639 22
323 500 58
553 332 26
469 484 16
100 878 76
580 455 12
839 368 46
533 266 87
310 781 74
480 89 71
988 801 49
238 430 0
941 947 92
835 999 70
380 395 43
888 546 15
188 406 86
311 993 96
823 872 78
965 583 51
207 327 62
331 664 88
36 348 42
663 290 65
141 537 5
702 400 61
24 975 84
573 592 49
812 261 29
149 404 79
242 254 42
970 995 51
822 774 37
544 691 68
580 671 67
418 416 65
541 683 80
100 314 65
120 215 53
530 111 54
225 997 88
339 753 54
970 549 7
437 214 81
422 963 77
970 495 2
80 244 48
318 272 63
804 305 98
621 447 26
323 649 14
342 59 12
636 725 66
415 20 8
70 155 78
797 964 71
845 983 70
316 292 62
804 700 72
865 16 99
976 836 41
87 394 14
767 712 50
737 820 30
819 909 82
342 269 69
744 618 48
761 688 15
884 547 35
635 799 1
574 552 21
399 700 23
84 356 7
730 732 28
618 771 56
65 943 84
981 137 30
466 501 5
164 353 0
313 821 80
697 303 83
807 934 66
625 363 93
644 920 50
468 471 75
343 167 23
356 504 73
747 560 45
673 312 85
557 109 46
972 346 96
406 653 78
985 981 12
741 911 46
907 93 60
977 643 47
248 379 67
804 205 8
793 125 62
516 365 2
329 89 61
967 32 83
809 837 78
950 841 69
559 654 64
990 540 34
236 134 5
283 959 46
56 1 91
63 404 5
791 645 79
788 770 75
968 744 72
116 127 24
14 52 77
573 210 99
36 659 47
395 562 50
281 496 44
990 980 84
185 71 96
802 708 40
625 748 62
412 694 61
209 370 38
364 191 22
385 641 8
248 240 57
580 907 83
6 818 70
534 806 60
557 282 44
803 11 5
399 713 90
864 996 13
693 753 21
648 4 76
187 739 19
985 684 68
670 650 68
755 94 76
368 756 47
10 830 95
19 591 48
475 579 71
428 359 72
173 566 47
518 355 70
372 564 22
939 209 43
952 627 54
866 210 71
654 697 35
981 851 68
353 795 32
58 799 25
730 511 90
53 217 40
734 399 83
642 960 73
820 478 62
861 146 95
965 383 70
234 627 19
839 414 37
203 234 83
667 990 41
970 921 13
84 642 54
271 257 9
141 422 81
599 660 31
461 368 8
201 775 76
393 914 31
91 994 31
726 740 0
947 540 31
288 991 1
244 954 23
851 903 26
396 309 7
648 153 94
38 99 14
896 261 75
84 549 78
208 251 39
58 577 17
770 375 18
916 747 74
848 542 43
31 669 32
800 795 21
777 873 13
523 72 3
682 825 58
598 641 96
360 801 44
526 510 72
139 701 3
400 286 5
53 114 5
665 445 86
85 77 65
960 106 34
850 685 69
814 864 96
393 625 34
85 539 0
885 436 49
620 665 57
543 16 79
95 276 56
757 261 3
348 537 93
558 609 83
350 395 81
114 148 84
114 198 1
594 631 51
219 965 59
108 921 44
5 142 35
130 118 32
402 886 57
977 460 39
461 861 43
526 766 5
49 752 83
711 888 15
43 775 8
461 935 41
757 799 20
122 924 46
393 981 6
239 388 54
514 280 16
890 552 55
877 101 41
290 237 68
977 271 4
485 419 98
325 946 47
109 937 13
965 713 2
725 766 92
241 843 96
768 292 35
307 840 77
920 553 97
277 462 87
873 195 88
253 289 93
119 278 22
408 762 72
393 850 50
277 488 13
941 168 15
977 920 8
979 131 49
190 57 30
670 559 68
173 473 90
609 564 3
638 677 15
987 267 48
670 675 9
376 896 83
965 478 3
134 888 50
254 730 51
461 640 60
689 718 1
137 795 51
440 99 25
103 640 55
251 322 43
297 415 21
156 126 90
648 120 72
688 984 71
586 97 29
177 580 60
151 665 64
88 879 4
280 978 85
497 450 67
956 516 17
541 132 0
1 347 75
316 176 66
357 271 31
525 635 95
12 109 8
769 589 86
289 771 10
208 345 57
146 357 47
682 281 45
554 449 12
697 963 98
350 67 97
702 155 72
154 419 51
459 558 0
662 543 97
535 928 6
813 495 43
9 123 71
674 303 96
734 426 68
245 161 94
843 884 78
970 594 80
431 82 58
628 609 82
39 269 65
713 214 77
162 325 51
154 358 66
83 62 4
236 482 18
985 171 49
616 840 0
614 867 78
588 517 35
792 486 62
219 147 87
531 27 34
369 313 8
573 866 0
485 600 84
648 43 57
460 224 24
590 53 35
893 118 57
169 117 74
622 478 41
549 89 52
277 988 45
186 34 90
310 893 20
550 984 39
129 744 68
682 304 1
740 314 49
779 430 2
248 299 66
988 722 79
227 307 53
954 881 84
904 595 83
170 158 23
207 293 33
177 429 35
626 451 2
380 658 20
395 970 50
982 637 89
228 136 55
342 780 10
643 431 89
484 332 39
507 689 67
614 94 66
30 104 75
784 714 24
711 806 40
859 101 68
223 732 76
734 912 37
382 921 58
716 647 49
533 567 28
456 512 26
848 502 50
813 0 29
503 336 28
12 833 68
313 720 8
190 426 34
104 506 53
0 268 44
950 681 57
223 534 86
350 888 31
684 660 59
478 634 59
130 440 81
992 805 1
325 483 14
702 403 91
155 466 42
607 891 5
671 143 10
706 836 8
931 940 80
929 115 86
527 18 0
956 395 1
977 0 15
443 926 37
443 202 59
378 381 64
383 518 17
954 828 38
120 508 66
902 691 47
241 707 18
349 790 34
368 776 7
590 843 52
499 521 87
657 810 51
820 846 62
477 570 26
931 9 83
865 935 21
177 643 85
918 599 16
857 74 74
669 143 99
133 467 60
126 381 17
155 495 56
139 758 70
500 430 25
223 0 89
380 322 57
677 347 78
69 195 90
423 860 72
533 481 15
62 696 49
207 966 88
233 561 85
746 818 39
794 686 54
989 747 32
906 909 10
908 206 88
49 247 39
769 539 62
476 510 28
360 734 43
71 45 24
161 66 54
759 316 78
144 732 98
191 278 39
342 45 94
263 312 72
107 398 90
534 943 6
465 260 41
30 7 46
109 243 77
342 249 19
109 240 35
761 853 86
483 409 97
659 778 77
177 404 10
154 656 64
62 346 79
878 561 98
194 188 49
948 367 18
784 626 52
775 270 33
391 541 28
600 772 40
401 421 25
208 205 43
918 486 68
636 741 68
343 631 19
207 864 74
164 569 46
971 131 69
676 71 13
559 938 92
613 871 94
588 290 55
843 323 99
977 171 35
30 635 54
380 810 28
536 981 54
583 145 41
344 945 66
62 951 51
709 264 19
505 115 76
310 883 16
326 20 98
711 54 74
681 367 17
906 643 68
461 389 26
497 152 51
324 452 49
29 328 18
506 310 76
596 509 92
50 559 39
974 772 44
972 428 63
496 589 13
580 812 42
211 976 33
552 994 79
989 604 86
216 825 27
678 489 86
651 840 37
573 2 62
807 481 40
562 908 17
34 550 69
849 926 82
894 461 83
789 779 20
573 826 53
395 390 59
903 934 88
63 163 51
308 413 33
710 367 6
747 216 71
208 316 11
810 859 57
657 423 20
711 928 82
277 455 33
953 355 12
783 679 73
36 625 29
521 300 76
895 556 38
652 764 23
968 941 61
429 100 17
578 318 61
853 453 88
693 356 56
176 860 99
294 471 2
828 124 96
36 499 16
307 993 71
819 591 30
655 582 0
167 739 44
419 770 83
578 90 11
778 420 32
985 149 86
149 686 45
731 579 38
394 923 58
965 725 8
448 649 47
693 839 78
80 560 42
117 537 32
889 262 43
244 815 15
133 559 13
671 582 71
189 355 54
602 633 36
321 72 32
993 100 71
350 217 98
769 613 72
116 609 79
959 793 49
821 922 74
344 262 76
580 627 17
348 948 98
27 278 58
362 629 69
65 607 42
383 347 42
132 934 81
678 613 74
874 632 80
344 974 78
956 144 65
350 606 38
240 592 38
344 321 12
700 917 69
387 128 81
67 107 97
737 998 12
682 472 96
289 561 10
938 797 83
717 137 50
316 434 99
129 342 15
759 753 74
328 936 49
637 432 87
337 91 53
173 511 98
737 399 13
333 291 81
608 455 67
883 13 11
611 155 40
891 585 37
341 589 53
134 967 34
874 361 18
845 194 28
796 271 14
950 940 48
23 735 45
902 866 5
621 975 86
929 665 57
499 869 74
697 716 67
543 142 54
813 397 38
199 337 64
756 25 17
477 803 21
611 860 14
118 39 16
121 240 88
900 180 88
679 801 65
109 310 27
819 859 94
342 972 63
469 605 40
839 946 75
96 158 30
784 394 4
449 327 15
932 284 19
56 401 57
857 612 1
47 859 37
733 546 37
103 273 68
159 685 85
525 8 82
973 708 73
667 950 24
339 119 92
283 580 99
613 351 91
97 326 98
362 716 37
971 369 55
839 49 15
317 460 10
653 908 70
623 317 31
245 272 98
122 969 10
998 19 96
380 510 25
217 739 4
226 417 11
288 181 17
378 170 32
885 315 94
218 647 21
253 372 47
43 603 13
437 250 31
305 354 1
330 396 3
207 296 68
393 197 69
490 957 40
380 721 3
289 708 94
342 880 64
412 452 47
624 689 93
551 572 56
622 110 45
477 814 30
574 100 63
794 748 13
693 180 40
759 328 85
744 918 96
171 927 90
188 569 96
302 209 93
323 752 67
469 598 52
244 651 56
219 216 84
655 870 84
66 523 2
134 814 6
916 813 84
894 245 68
177 828 89
666 696 85
683 20 23
779 357 57
29 861 6
167 927 63
63 786 12
512 175 0
573 359 80
272 742 59
557 443 45
71 623 88
399 113 57
848 225 27
613 236 51
759 667 70
672 273 19
405 735 37
305 375 66
318 568 9
669 39 85
495 561 11
395 217 76
120 542 37
993 349 20
80 847 60
909 899 74
444 152 74
237 148 18
87 852 10
924 417 42
420 752 7
980 331 47
613 415 65
904 502 17
323 522 53
185 307 81
868 793 81
534 491 5
790 270 61
82 1 41
678 759 50
867 576 49
364 821 50
412 133 77
900 665 0
678 141 72
898 632 96
634 876 89
688 802 90
992 831 5
187 893 74
956 306 54
666 871 33
702 108 64
0 292 26
252 138 93
759 617 38
495 198 0
446 736 64
233 889 48
526 622 43
131 598 23
667 75 95
531 480 60
517 9 92
756 696 0
539 365 41
246 935 74
702 944 5
506 29 54
168 487 67
602 27 55
173 982 55
633 771 17
700 647 32
207 159 8
833 230 41
733 730 80
848 933 97
289 320 31
508 722 85
215 391 72
304 944 85
692 342 18
60 817 88
759 45 63
904 498 63
614 571 26
253 709 64
344 348 79
364 874 26
21 57 59
852 902 3
660 572 21
954 51 19
571 992 95
364 783 21
104 443 13
979 306 21
181 273 78
902 598 19
232 976 88
743 471 33
807 824 75
430 76 5
726 928 17
295 375 83
177 813 98
779 243 97
809 816 32
766 512 30
730 466 34
432 537 56
733 362 67
476 380 4
443 370 44
328 287 31
946 396 19
286 589 70
283 437 47
285 261 99
832 899 48
235 220 6
555 256 54
373 51 69
761 135 25
760 994 1
981 248 42
380 219 90
461 88 23
730 954 20
707 823 10
549 777 11
463 743 5
54 374 37
495 382 69
204 567 74
728 73 20
418 458 67
323 327 71
993 13 52
429 54 49
641 115 5
215 323 9
319 176 69
625 79 61
164 689 5
660 48 52
118 960 81
385 913 28
197 528 99
671 234 80
282 527 76
920 210 5
58 727 86
546 439 46
497 345 82
722 232 87
45 64 40
588 901 73
680 862 10
406 449 13
923 579 35
968 199 74
871 288 70
412 193 72
807 105 95
241 88 45
621 229 44
87 104 14
196 234 16
850 663 96
474 382 64
129 865 74
246 310 57
361 478 85
769 80 35
22 131 15
772 416 37
953 44 16
150 94 43
898 999 36
42 980 48
486 65 19
476 475 93
596 612 34
396 47 17
748 67 75
454 468 74
390 786 58
42 31 0
82 273 36
913 264 23
305 323 35
187 921 10
794 549 45
762 454 59
162 898 5
691 218 90
777 674 3
981 196 72
600 921 59
200 856 52
485 810 36
511 935 85
677 389 61
700 520 21
8 13 20
303 579 76
645 808 10
509 284 89
253 936 19
970 624 46
473 928 89
678 84 39
916 164 39
439 13 24
424 117 56
929 823 66
71 681 98
133 543 66
252 292 67
622 439 34
331 728 41
208 337 2
92 960 97
502 506 87
912 317 14
577 705 54
461 222 77
985 443 17
121 104 26
874 301 88
563 773 69
499 431 14
35 724 73
618 555 31
847 507 35
36 842 94
208 307 7
48 274 97
897 636 35
638 603 27
244 530 43
129 494 24
959 6 18
480 505 34
342 929 0
906 219 26
542 788 1
42 513 98
914 559 93
338 250 68
744 31 85
437 403 86
364 944 22
346 675 82
690 175 73
744 735 36
522 269 88
84 729 3
593 381 54
42 952 15
87 557 91
714 330 75
897 258 29
339 723 65
494 171 6
914 550 17
525 947 11
361 405 66
85 70 14
727 98 46
243 457 45
809 750 10
703 850 22
429 43 63
84 219 44
450 175 23
526 602 89
423 929 45
792 396 73
378 452 34
649 275 65
334 95 10
448 736 21
180 243 40
477 315 92
219 758 94
239 255 76
285 802 33
36 643 49
989 378 82
774 432 48
731 433 41
388 47 58
700 266 29
621 119 58
248 847 16
997 458 98
238 918 21
953 153 34
681 157 13
693 473 19
338 878 79
459 183 23
557 516 41
733 792 94
794 69 19
851 412 16
37 275 84
504 859 17
116 457 90
277 146 18
613 796 82
901 137 0
904 811 91
305 935 22
539 295 45
417 767 38
616 873 51
339 64 78
134 162 87
779 103 33
652 197 78
931 839 80
679 639 43
407 379 59
230 708 90
722 170 12
754 182 58
541 859 11
186 633 46
573 997 71
566 399 30
423 722 26
853 347 46
316 485 72
399 834 20
761 505 65
978 504 88
63 946 56
854 598 82
979 855 30
847 844 27
819 632 17
517 624 83
996 445 18
377 372 91
36 615 28
517 113 8
735 957 42
227 161 58
996 449 96
145 61 28
630 564 88
373 725 28
726 280 23
177 694 47
727 986 19
276 537 35
112 94 5
355 649 30
936 523 34
543 103 76
470 668 61
265 513 12
962 95 74
343 799 85
516 832 84
447 961 40
283 526 25
304 551 41
260 111 74
477 674 56
112 881 20
692 127 43
941 848 39
339 323 38
638 821 35
823 302 19
79 18 99
51 770 29
154 808 77
648 373 95
84 429 9
828 993 65
971 539 75
977 918 33
959 574 64
733 82 94
645 99 20
953 917 70
89 273 77
185 851 54
845 305 46
918 391 90
0 25 66
30 248 73
970 646 75
630 425 51
989 724 13
769 285 0
446 556 44
376 546 39
783 571 8
378 369 64
244 545 35
629 462 99
45 222 54
109 43 70
900 63 18
297 341 53
869 767 51
219 754 47
575 19 0
319 773 13
967 781 64
607 250 76
534 844 46
225 178 29
812 440 22
970 766 18
542 335 99
990 189 51
23 280 73
871 293 97
602 538 41
12 122 91
129 335 70
109 405 68
557 511 94
244 784 35
746 53 21
526 804 38
255 714 27
277 485 29
983 514 54
845 682 62
950 462 29
231 147 9
233 436 84
652 401 99
526 188 14
80 491 35
852 214 47
381 836 15
60 52 48
773 128 63
955 875 43
499 583 46
768 169 92
528 742 17
7 386 65
493 919 43
75 911 69
972 922 90
359 457 41
611 920 62
155 614 33
621 519 63
896 975 83
632 175 28
229 29 99
447 376 4
186 474 66
281 548 26
735 374 85
53 577 21
644 602 40
386 257 66
8 763 82
46 943 24
897 178 66
958 448 96
908 195 11
112 154 65
609 876 11
173 143 60
566 812 28
764 455 6
987 515 58
852 493 73
40 964 24
698 458 75
378 704 16
503 701 45
793 698 65
231 512 9
686 609 59
143 509 99
538 314 73
226 512 42
964 665 79
208 7 24
506 882 98
794 139 45
174 317 50
425 701 84
955 517 18
575 432 90
957 132 50
360 391 0
590 602 66
104 551 68
293 575 49
129 83 77
441 524 85
670 296 60
680 641 89
289 947 14
733 918 19
321 94 48
654 292 39
682 425 95
900 673 75
500 705 55
483 521 40
476 896 93
478 201 65
505 720 51
697 523 44
261 113 90
227 829 46
478 585 23
160 249 14
783 966 44
615 624 20
30 891 16
193 435 28
759 625 39
116 461 58
792 860 31
308 804 91
14 341 24
514 958 99
799 683 40
109 728 1
253 3 37
307 578 53
940 268 91
735 453 51
90 432 72
491 722 91
163 352 42
306 650 67
850 625 66
857 776 97
7 555 59
464 18 59
733 642 14
676 447 62
908 13 3
833 866 4
117 131 8
240 608 78
11 370 70
820 83 53
869 669 99
26 545 86
358 973 33
283 162 38
326 631 96
799 787 64
564 184 81
233 787 20
520 291 16
330 427 74
39 994 74
729 73 53
759 489 27
121 206 17
394 375 56
329 568 51
502 953 60
543 815 98
553 330 70
851 304 26
486 635 47
769 425 81
384 749 38
765 273 62
150 299 43
744 264 93
751 653 18
149 660 52
155 945 72
590 595 41
953 798 5
343 534 23
993 452 79
559 75 38
293 940 13
69 302 76
43 992 55
216 326 94
746 186 48
293 40 71
759 638 68
621 288 74
625 343 76
443 56 47
314 593 91
979 6 32
897 168 98
560 934 51
371 144 82
301 448 20
742 939 30
249 988 29
139 849 1
292 153 20
409 708 43
749 879 45
235 908 65
83 736 62
491 312 49
646 99 89
972 532 55
566 682 6
803 450 12
916 753 34
456 653 44
562 69 25
536 319 10
70 53 51
607 809 20
328 712 59
147 479 74
943 198 40
162 439 33
579 370 50
724 859 40
965 671 77
988 96 34
795 286 38
290 267 80
157 3 16
122 695 59
812 131 62
23 123 46
54 288 12
627 458 82
104 713 41
395 853 57
396 397 0
2 285 3
477 284 6
993 514 89
185 398 10
681 292 12
758 781 2
588 8 45
319 817 9
671 224 79
581 257 55
85 68 12
737 839 99
618 730 66
463 844 87
197 845 92
809 127 52
109 132 89
856 879 32
185 886 81
580 577 24
187 454 22
888 659 61
865 132 92
719 548 33
956 475 76
857 459 90
839 702 46
813 918 58
616 627 32
56 270 55
60 521 10
814 181 87
20 563 14
227 193 0
837 770 98
73 579 78
933 853 54
324 700 43
540 235 39
959 550 33
36 593 50
987 102 52
335 35 85
574 961 69
28 987 91
526 334 77
959 703 73
812 768 80
799 320 61
851 667 54
588 163 4
871 318 35
136 927 67
573 516 49
982 925 69
502 176 43
486 969 39
794 316 67
434 672 54
590 122 71
322 905 22
753 516 64
811 481 59
279 695 88
43 660 16
423 938 57
679 138 67
199 226 70
947 806 52
621 458 6
514 33 56
325 585 2
989 241 10
812 731 41
873 5 23
676 62 1
590 133 70
339 799 96
169 209 82
759 621 31
695 401 2
638 433 38
730 415 18
94 221 70
205 384 87
138 805 87
117 32 65
704 81 27
611 44 6
30 618 71
928 92 98
837 846 81
380 263 36
907 398 9
559 493 69
862 958 4
530 265 66
149 438 88
628 563 75
266 349 18
185 43 47
650 859 31
897 486 73
678 65 57
793 97 24
223 238 96
316 43 59
84 207 94
458 432 93
989 86 93
739 48 77
693 952 95
585 39 31
339 792 95
944 815 17
514 385 71
14 258 35
298 755 83
55 468 50
622 847 41
148 137 54
606 409 0
414 367 22
193 755 42
553 161 10
595 114 44
74 701 47
215 888 28
692 202 32
442 873 74
196 428 47
68 435 79
670 473 57
630 322 20
185 245 89
796 809 81
747 477 68
759 974 0
920 541 27
40 558 61
557 824 93
746 619 4
981 811 9
948 448 76
362 271 51
874 297 78
861 581 47
971 182 86
305 659 61
965 855 49
489 327 80
858 309 68
207 639 50
931 655 54
129 890 62
733 437 60
537 999 98
746 863 61
711 633 88
852 168 83
791 674 35
737 215 87
173 26 14
7 643 44
806 875 59
900 832 3
2 4 77
769 311 28
278 131 55
253 798 56
750 527 41
743 381 48
21 665 12
845 847 2
588 350 25
408 37 64
604 3 81
281 926 24
34 785 2
15 467 94
12 443 74
216 3 82
885 826 62
185 278 76
240 636 37
801 175 77
935 817 36
293 899 87
703 784 38
613 757 76
670 305 70
114 156 26
807 94 16
732 81 85
616 345 22
842 918 75
139 485 40
476 382 0
941 850 55
702 291 96
827 489 56
99 563 97
168 151 96
27 20 21
751 686 99
404 579 73
185 988 85
139 378 32
445 774 50
847 661 87
403 936 27
12 613 76
474 833 22
139 684 89
133 705 52
83 174 59
676 8 66
935 465 40
159 626 46
245 42 57
990 952 16
30 53 69
177 141 83
738 687 32
565 593 6
696 424 5
104 461 60
966 771 98
529 295 57
208 202 15
441 781 46
119 984 66
580 246 12
692 865 43
680 136 87
155 734 64
289 511 16
748 152 72
207 788 96
970 919 66
611 129 11
595 350 23
45 993 94
173 919 33
614 245 65
202 76 46
931 549 44
494 41 83
810 691 86
249 340 43
919 772 92
754 546 55
985 651 12
602 149 75
968 771 39
80 625 18
718 752 33
889 679 51
993 220 16
921 276 90
768 970 67
134 815 63
595 204 56
954 619 31
662 840 58
308 233 43
918 933 47
726 586 26
192 927 67
240 583 44
490 972 45
121 494 79
916 981 19
197 516 39
59 552 64
604 500 36
283 212 86
595 251 9
53 439 72
996 952 24
655 472 4
849 166 64
966 830 31
889 983 16
428 806 92
162 751 23
813 571 86
943 568 25
233 841 74
526 489 54
607 402 15
711 581 41
602 256 69
779 555 72
733 308 25
185 226 27
673 707 67
129 946 72
684 302 54
495 10 87
339 526 68
837 221 99
191 198 18
780 410 40
347 836 38
611 804 82
332 710 76
953 120 76
949 710 43
446 270 0
555 721 53
972 829 47
344 499 65
789 298 84
373 620 15
622 564 57
811 745 7
819 197 1
941 360 82
30 622 82
296 272 56
851 602 49
526 874 75
441 15 25
76 736 73
197 380 0
495 609 5
940 1 41
492 801 73
310 607 59
992 153 28
116 382 41
28 33 10
651 132 46
759 445 81
943 15 0
957 809 80
694 323 10
540 153 77
377 892 76
93 135 10
110 175 82
868 850 23
857 284 27
937 949 66
338 214 39
373 616 36
41 640 74
485 960 92
682 925 70
113 802 8
607 719 48
328 793 20
840 634 83
759 945 26
122 408 93
783 399 36
288 304 31
485 181 86
501 201 9
746 78 42
953 207 66
216 633 2
30 236 4
2 871 12
236 583 36
86 326 4
818 565 45
955 953 46
223 244 33
74 52 21
100 103 8
953 821 15
748 992 96
981 46 88
768 383 34
428 274 87
678 188 24
85 141 60
654 567 32
697 103 95
931 248 68
681 166 80
70 68 15
2 654 3
852 193 58
345 624 60
53 168 39
517 924 41
843 852 47
831 137 0
918 987 35
264 276 13
162 962 3
378 547 39
906 444 78
185 720 39
780 924 44
310 530 23
274 749 37
484 475 29
423 720 96
749 299 97
467 309 45
540 515 44
623 561 85
305 27 79
599 725 32
702 722 10
298 250 39
495 872 16
471 921 5
588 179 59
511 482 48
777 426 72
566 552 62
485 891 7
310 615 32
160 332 54
582 597 0
652 842 31
30 109 54
654 735 36
779 159 45
794 110 9
974 207 75
221 336 23
557 489 0
109 663 19
839 732 98
541 290 89
358 175 49
693 349 46
104 376 87
986 930 46
536 526 90
344 277 72
611 316 77
273 275 74
152 710 34
985 779 68
941 238 90
476 559 91
10 170 27
766 278 39
207 76 63
112 321 41
14 416 98
344 933 48
556 370 47
140 468 98
968 596 79
226 332 2
283 63 34
208 298 76
83 634 63
43 300 10
836 795 99
617 806 64
86 857 81
730 176 49
390 127 53
813 643 30
133 953 95
798 936 40
393 169 28
989 282 86
86 803 65
177 754 5
666 348 60
543 459 99
644 349 73
787 454 3
50 84 91
354 471 52
319 470 42
548 771 6
807 447 94
549 873 40
78 768 54
321 831 41
301 690 38
682 123 86
737 7 95
17 809 73
28 946 62
574 517 11
43 732 35
2 330 14
539 100 75
194 872 16
622 192 63
154 618 80
516 240 99
502 748 59
749 701 73
436 704 27
12 76 97
554 560 38
403 346 85
990 282 9
929 366 89
761 810 10
43 277 12
796 599 80
253 51 63
365 610 54
840 743 39
573 797 9
29 640 46
42 594 45
393 574 2
573 26 37
957 249 31
185 103 98
998 991 62
153 213 46
904 249 9
28 3 97
453 291 60
356 503 36
953 90 65
613 453 75
578 281 68
398 875 64
828 671 86
310 228 41
429 123 44
211 81 83
897 473 31
479 76 29
50 453 93
752 276 21
897 205 91
750 6 5
734 907 53
195 276 6
657 360 12
135 561 92
726 18 15
141 408 10
407 625 38
112 968 18
832 204 99
847 501 21
356 433 68
198 450 61
164 199 67
206 450 29
311 603 10
567 94 79
900 469 17
573 350 76
868 321 55
673 803 85
50 66 40
406 479 93
754 77 27
437 789 84
676 289 77
643 711 58
64 912 65
194 198 22
642 923 31
514 767 9
242 704 79
215 163 85
784 963 15
656 859 91
869 213 77
908 213 31
703 82 54
17 566 67
244 608 1
654 352 53
792 826 89
242 756 21
702 91 15
407 935 8
431 435 50
356 552 77
356 587 88
678 498 19
29 672 53
807 549 95
618 815 4
31 309 94
253 241 88
319 406 83
590 441 30
253 532 17
929 922 94
865 26 48
595 390 39
566 385 25
910 213 57
993 726 19
826 203 10
465 13 72
244 246 62
557 607 40
407 103 55
43 986 16
121 288 7
370 589 8
954 946 22
214 791 96
93 722 29
544 963 89
356 497 57
240 879 31
262 532 66
311 157 45
36 208 50
904 105 20
132 586 92
28 604 7
389 460 66
655 8 32
557 231 90
