100 229 5 1
23 28 43 72 79
12 45 16
49 82 29
71 41 90
44 69 56
12 90 87
63 78 29
8 34 15
45 61 67
35 72 70
56 66 63
87 88 23
29 33 15
54 31 5
68 62 83
73 12 49
18 79 43
36 42 2
86 65 1
51 67 26
24 6 27
72 53 74
77 92 15
72 16 72
50 75 34
29 81 68
29 71 27
29 38 99
94 90 20
54 52 96
82 20 52
60 55 72
76 43 64
13 49 81
67 53 62
78 98 20
49 21 20
93 17 43
61 80 87
29 2 39
98 45 13
29 86 50
9 28 62
25 94 28
29 9 56
27 46 97
84 90 78
78 25 99
11 39 0
46 7 31
9 1 25
10 41 27
57 42 5
68 87 93
11 32 51
5 95 91
84 97 13
18 5 31
17 55 91
44 16 33
90 20 27
11 34 43
78 18 5
34 32 44
51 14 76
69 17 68
17 65 16
85 23 48
68 73 11
0 25 4
36 99 88
88 46 77
38 66 54
46 77 2
62 14 5
87 89 10
31 15 0
81 70 83
38 31 61
33 10 0
0 47 66
39 37 87
66 99 79
9 60 71
39 26 32
94 84 82
71 69 63
9 22 45
93 32 13
58 53 54
65 80 31
68 67 93
63 88 49
69 62 36
52 81 89
70 95 77
54 67 56
70 91 5
32 4 25
0 39 20
26 2 9
95 53 13
68 9 97
25 48 16
63 39 16
26 19 54
89 77 26
46 95 68
72 64 90
29 39 88
91 2 20
38 59 56
21 6 27
36 82 99
71 43 80
22 50 11
36 34 33
17 52 43
49 76 56
25 54 99
34 64 49
75 5 87
71 99 44
9 27 50
15 2 76
70 67 33
49 43 27
0 14 84
37 5 38
43 66 4
26 74 56
23 65 0
32 26 18
86 58 53
40 16 16
3 80 86
13 48 60
9 88 94
39 76 54
96 91 50
1 47 34
25 55 74
73 3 58
94 86 13
41 56 25
59 65 38
38 40 24
11 66 10
13 28 81
7 41 33
85 96 61
78 39 82
31 92 72
16 83 5
25 30 32
1 52 0
98 57 38
32 44 11
44 67 85
17 46 29
63 10 16
47 50 41
0 23 81
0 51 86
83 56 47
93 88 49
44 92 72
25 44 59
44 28 43
22 18 78
83 61 9
55 24 30
85 49 4
36 30 19
36 14 95
25 87 81
23 72 58
94 88 72
73 9 43
94 13 91
12 60 5
19 15 5
25 73 74
11 98 29
16 20 10
13 69 58
25 85 30
30 67 1
6 99 70
48 58 67
63 47 30
4 72 86
78 90 60
8 47 11
16 24 72
60 62 59
80 53 12
97 56 96
78 22 18
45 16 55
8 39 26
14 19 79
20 19 37
28 66 30
50 76 99
38 69 33
18 88 63
17 80 57
38 91 57
51 65 6
38 17 48
0 85 14
29 26 11
1 38 74
98 50 43
36 73 74
1 98 85
26 49 25
98 82 75
0 71 55
79 31 44
39 35 5
9 98 93
16 95 5
92 95 68
90 74 17
35 70 64
54 10 80
78 58 13
9 56 83
