200 1016 10 0
20 94 100 118 121 132 145 163 180 185
147 192 1
61 66 1
76 189 1
54 97 1
130 17 1
29 16 1
159 192 1
13 54 1
183 106 1
51 110 1
179 142 1
61 171 1
130 136 1
120 183 1
169 86 1
104 147 1
50 131 1
141 24 1
82 1 1
79 164 1
50 109 1
75 86 1
117 64 1
130 91 1
101 43 1
197 15 1
169 162 1
117 52 1
87 61 1
43 102 1
129 131 1
71 23 1
56 152 1
117 24 1
131 67 1
161 33 1
129 191 1
122 177 1
104 88 1
13 185 1
93 144 1
109 4 1
163 8 1
18 170 1
93 5 1
52 192 1
123 155 1
179 35 1
41 21 1
131 36 1
101 100 1
157 196 1
168 66 1
172 183 1
81 55 1
109 56 1
9 74 1
51 147 1
34 107 1
18 60 1
129 26 1
13 34 1
183 73 1
39 66 1
64 31 1
176 8 1
154 2 1
139 159 1
125 187 1
83 71 1
57 199 1
110 118 1
21 65 1
165 143 1
153 106 1
152 154 1
117 74 1
92 70 1
34 16 1
101 118 1
139 75 1
136 46 1
182 129 1
136 184 1
28 60 1
109 183 1
109 58 1
12 8 1
87 165 1
72 64 1
129 84 1
87 172 1
123 89 1
179 81 1
154 11 1
136 73 1
112 174 1
4 187 1
54 125 1
85 112 1
71 55 1
82 151 1
191 113 1
156 193 1
129 13 1
108 184 1
140 155 1
166 7 1
166 121 1
75 85 1
77 66 1
50 12 1
123 75 1
133 95 1
85 46 1
128 115 1
123 197 1
117 109 1
149 5 1
3 143 1
139 182 1
119 57 1
91 72 1
182 156 1
158 48 1
189 91 1
24 45 1
139 107 1
185 56 1
117 17 1
83 6 1
21 88 1
68 119 1
109 137 1
120 48 1
117 56 1
70 148 1
46 1 1
153 121 1
117 37 1
54 18 1
91 59 1
21 159 1
58 39 1
76 146 1
14 168 1
143 57 1
134 4 1
97 126 1
17 9 1
122 24 1
155 110 1
158 194 1
156 84 1
28 43 1
172 58 1
171 180 1
166 116 1
123 120 1
101 158 1
155 196 1
87 16 1
154 112 1
41 195 1
96 33 1
120 178 1
101 107 1
191 108 1
110 184 1
166 159 1
131 43 1
131 179 1
96 51 1
172 73 1
38 164 1
40 6 1
38 1 1
39 141 1
137 149 1
7 162 1
177 0 1
74 172 1
120 133 1
89 106 1
165 149 1
130 101 1
61 91 1
191 65 1
112 115 1
86 8 1
125 103 1
148 0 1
157 65 1
90 174 1
129 101 1
186 177 1
19 70 1
71 135 1
34 2 1
131 120 1
91 63 1
153 67 1
9 54 1
54 45 1
89 196 1
50 34 1
179 31 1
157 49 1
139 74 1
44 63 1
50 172 1
126 102 1
185 22 1
54 189 1
160 198 1
125 176 1
120 3 1
130 173 1
156 171 1
155 157 1
76 150 1
51 70 1
71 95 1
59 95 1
97 107 1
183 99 1
105 170 1
42 67 1
156 108 1
123 106 1
46 127 1
182 9 1
79 72 1
84 7 1
109 13 1
102 127 1
89 110 1
152 164 1
28 188 1
54 111 1
123 41 1
185 93 1
182 167 1
150 37 1
165 188 1
117 76 1
13 38 1
159 110 1
133 77 1
17 57 1
13 189 1
22 177 1
48 188 1
9 156 1
198 12 1
101 95 1
105 147 1
158 75 1
82 67 1
189 110 1
182 189 1
51 40 1
111 32 1
87 179 1
116 94 1
157 20 1
62 193 1
21 68 1
182 109 1
32 176 1
182 23 1
191 64 1
68 27 1
59 49 1
79 112 1
117 123 1
20 115 1
194 92 1
169 20 1
101 54 1
154 127 1
139 120 1
126 162 1
146 118 1
167 37 1
164 82 1
85 42 1
123 178 1
117 127 1
194 199 1
170 73 1
14 73 1
109 120 1
157 154 1
152 161 1
179 127 1
146 127 1
83 190 1
58 55 1
165 197 1
134 101 1
19 33 1
84 163 1
168 86 1
169 166 1
76 89 1
190 52 1
148 102 1
36 66 1
97 137 1
74 22 1
130 58 1
13 18 1
87 41 1
37 108 1
93 193 1
165 150 1
67 57 1
186 102 1
87 104 1
178 197 1
78 164 1
54 107 1
69 85 1
167 92 1
171 72 1
43 181 1
43 62 1
83 46 1
25 22 1
123 82 1
150 6 1
196 119 1
137 174 1
105 19 1
81 102 1
51 149 1
168 63 1
189 195 1
134 27 1
21 157 1
172 186 1
186 187 1
95 145 1
187 29 1
150 43 1
68 47 1
105 58 1
133 146 1
155 156 1
30 63 1
167 9 1
117 165 1
91 52 1
38 91 1
5 141 1
117 170 1
131 33 1
157 137 1
109 135 1
191 32 1
110 136 1
18 64 1
126 124 1
92 30 1
154 119 1
21 17 1
41 105 1
182 76 1
180 60 1
190 15 1
125 42 1
173 152 1
104 161 1
63 94 1
53 127 1
25 176 1
130 167 1
155 59 1
22 20 1
148 42 1
116 0 1
101 57 1
113 47 1
152 186 1
76 127 1
61 153 1
108 99 1
126 64 1
38 35 1
89 92 1
189 58 1
17 52 1
155 79 1
134 30 1
134 56 1
87 70 1
120 138 1
97 28 1
89 128 1
150 135 1
84 126 1
77 115 1
51 5 1
28 151 1
130 191 1
81 126 1
190 36 1
52 106 1
30 161 1
13 75 1
130 182 1
111 103 1
100 179 1
83 39 1
110 196 1
130 165 1
146 115 1
158 184 1
100 108 1
116 31 1
170 70 1
25 187 1
5 42 1
117 40 1
131 56 1
83 131 1
139 77 1
173 86 1
147 78 1
99 15 1
9 190 1
140 72 1
159 195 1
139 157 1
87 74 1
83 97 1
145 15 1
144 64 1
13 110 1
150 178 1
109 76 1
167 111 1
76 40 1
93 74 1
185 12 1
85 6 1
85 186 1
105 37 1
167 145 1
96 36 1
71 112 1
134 85 1
13 57 1
191 158 1
111 128 1
63 49 1
173 175 1
120 61 1
131 150 1
185 18 1
14 12 1
108 28 1
89 88 1
100 26 1
133 173 1
118 113 1
165 106 1
140 6 1
54 52 1
4 62 1
96 82 1
159 66 1
109 41 1
41 83 1
18 20 1
88 142 1
9 191 1
130 50 1
165 144 1
175 82 1
87 109 1
104 31 1
13 44 1
165 110 1
167 152 1
172 160 1
37 148 1
21 187 1
182 123 1
4 80 1
109 83 1
134 48 1
61 73 1
144 8 1
109 19 1
43 125 1
87 117 1
166 61 1
27 33 1
157 175 1
139 37 1
130 117 1
28 161 1
109 140 1
188 0 1
150 4 1
168 186 1
18 132 1
130 9 1
131 7 1
182 165 1
152 177 1
158 40 1
4 160 1
123 37 1
43 39 1
166 135 1
59 32 1
38 141 1
151 45 1
21 96 1
65 86 1
54 40 1
140 169 1
76 144 1
133 186 1
192 49 1
194 97 1
61 151 1
94 15 1
51 190 1
87 157 1
92 181 1
35 6 1
50 18 1
152 59 1
150 198 1
70 147 1
92 137 1
87 133 1
123 53 1
134 6 1
137 160 1
117 28 1
28 116 1
131 80 1
76 22 1
133 176 1
150 40 1
43 29 1
165 180 1
184 103 1
78 128 1
48 180 1
150 35 1
80 152 1
123 38 1
92 103 1
182 91 1
134 55 1
105 104 1
59 29 1
140 96 1
51 78 1
40 116 1
51 125 1
161 122 1
21 2 1
123 6 1
120 153 1
51 74 1
175 97 1
78 132 1
18 173 1
162 16 1
19 80 1
91 115 1
62 118 1
96 14 1
69 187 1
185 166 1
112 188 1
169 29 1
13 104 1
18 40 1
157 132 1
41 156 1
175 145 1
191 81 1
105 34 1
179 152 1
69 24 1
117 14 1
173 141 1
130 97 1
13 79 1
134 78 1
40 181 1
135 57 1
48 142 1
152 107 1
109 157 1
71 77 1
167 150 1
108 122 1
84 186 1
55 61 1
178 153 1
38 107 1
4 195 1
139 179 1
84 171 1
105 179 1
101 34 1
146 45 1
75 174 1
87 167 1
134 129 1
123 56 1
26 45 1
165 68 1
168 12 1
9 168 1
9 100 1
14 163 1
34 168 1
100 19 1
21 107 1
97 75 1
18 25 1
123 187 1
139 117 1
172 88 1
155 170 1
72 1 1
18 79 1
80 61 1
100 181 1
68 153 1
83 170 1
41 150 1
34 146 1
21 120 1
130 144 1
89 72 1
189 25 1
111 97 1
137 154 1
74 89 1
111 114 1
90 1 1
76 137 1
105 96 1
21 166 1
92 99 1
149 35 1
117 93 1
130 93 1
13 48 1
17 163 1
194 125 1
110 176 1
89 104 1
190 161 1
167 54 1
130 134 1
50 56 1
74 136 1
75 57 1
105 18 1
130 161 1
100 85 1
13 169 1
31 98 1
170 25 1
194 104 1
70 37 1
182 185 1
40 25 1
79 171 1
134 158 1
99 113 1
123 160 1
53 26 1
21 9 1
83 96 1
166 180 1
184 26 1
81 3 1
51 166 1
44 188 1
109 55 1
109 23 1
81 197 1
100 196 1
117 169 1
169 78 1
83 24 1
109 100 1
34 1 1
134 17 1
191 56 1
52 163 1
54 6 1
7 116 1
127 116 1
117 50 1
170 0 1
156 178 1
195 176 1
139 9 1
41 164 1
60 119 1
92 43 1
30 171 1
65 59 1
140 89 1
87 111 1
75 67 1
153 196 1
84 127 1
32 26 1
156 189 1
35 135 1
101 96 1
37 7 1
130 21 1
4 40 1
167 72 1
80 36 1
17 100 1
130 1 1
109 185 1
105 189 1
78 192 1
185 74 1
140 191 1
87 129 1
35 0 1
114 118 1
19 146 1
170 115 1
192 24 1
50 74 1
50 49 1
25 190 1
140 9 1
38 126 1
35 42 1
13 56 1
123 185 1
195 145 1
4 81 1
92 42 1
21 10 1
99 193 1
97 186 1
182 50 1
138 144 1
150 94 1
107 163 1
9 22 1
134 105 1
93 138 1
89 10 1
194 179 1
18 81 1
194 89 1
97 114 1
18 148 1
38 79 1
69 151 1
182 68 1
74 184 1
123 13 1
25 122 1
37 176 1
83 185 1
150 51 1
182 158 1
1 145 1
183 86 1
117 129 1
172 147 1
83 121 1
17 13 1
128 196 1
30 112 1
158 179 1
153 26 1
171 143 1
81 135 1
109 191 1
82 124 1
50 133 1
9 196 1
38 58 1
110 122 1
81 97 1
166 31 1
161 141 1
139 166 1
91 73 1
21 18 1
89 20 1
117 78 1
51 184 1
48 47 1
13 133 1
18 192 1
139 92 1
173 159 1
129 158 1
120 22 1
134 42 1
50 123 1
114 162 1
8 16 1
9 119 1
194 69 1
134 109 1
131 166 1
134 76 1
194 166 1
40 132 1
120 162 1
53 2 1
106 199 1
104 198 1
54 14 1
101 89 1
19 38 1
97 91 1
155 48 1
135 29 1
150 199 1
182 18 1
165 54 1
161 0 1
184 113 1
140 2 1
37 75 1
35 10 1
166 58 1
123 111 1
88 22 1
105 158 1
139 124 1
169 11 1
150 147 1
117 41 1
139 113 1
66 8 1
31 45 1
25 142 1
157 72 1
129 105 1
50 29 1
165 22 1
87 185 1
172 148 1
50 150 1
83 81 1
122 95 1
105 157 1
70 116 1
87 140 1
166 45 1
50 167 1
88 187 1
170 164 1
171 26 1
157 144 1
133 162 1
185 170 1
137 11 1
80 43 1
17 118 1
182 83 1
131 18 1
101 74 1
93 166 1
87 17 1
101 85 1
178 113 1
23 64 1
84 47 1
73 6 1
167 140 1
109 105 1
4 1 1
147 196 1
173 192 1
175 15 1
149 52 1
9 13 1
120 137 1
21 179 1
17 89 1
40 55 1
72 102 1
173 116 1
108 142 1
59 66 1
56 146 1
156 153 1
14 60 1
21 38 1
182 140 1
157 48 1
93 40 1
78 52 1
93 171 1
4 125 1
164 90 1
169 104 1
115 121 1
111 135 1
140 181 1
108 149 1
85 127 1
144 124 1
124 115 1
140 51 1
139 21 1
80 188 1
134 61 1
55 33 1
82 2 1
181 132 1
166 14 1
41 171 1
68 69 1
6 23 1
159 38 1
150 5 1
172 63 1
140 129 1
191 58 1
172 72 1
88 188 1
182 25 1
116 106 1
191 189 1
17 174 1
123 105 1
174 143 1
81 145 1
137 178 1
104 180 1
182 100 1
21 105 1
71 65 1
186 1 1
172 33 1
70 32 1
167 71 1
93 146 1
41 4 1
134 40 1
139 188 1
100 154 1
17 127 1
17 155 1
139 109 1
17 86 1
139 83 1
109 167 1
83 124 1
11 142 1
51 114 1
134 140 1
51 84 1
182 35 1
28 94 1
48 114 1
109 111 1
25 188 1
117 21 1
41 25 1
56 178 1
178 181 1
110 183 1
51 102 1
74 79 1
166 65 1
98 199 1
9 78 1
79 136 1
187 27 1
131 124 1
38 193 1
4 154 1
137 34 1
81 48 1
140 194 1
153 77 1
191 99 1
165 140 1
101 156 1
69 153 1
9 101 1
104 178 1
108 112 1
53 192 1
140 55 1
62 106 1
80 77 1
175 88 1
130 85 1
117 16 1
79 59 1
36 177 1
165 100 1
175 66 1
