100 1000 5 0
23 28 43 72 79
58 56 43
44 93 71
55 36 16
54 25 33
78 59 63
9 42 45
55 68 23
35 9 72
7 28 25
82 21 85
12 77 69
19 86 5
11 71 4
24 47 92
7 44 13
17 33 72
37 34 96
28 99 66
55 40 62
31 55 45
6 43 82
10 81 56
2 31 8
7 21 56
75 36 1
79 85 53
9 57 5
10 61 14
96 47 33
75 19 33
50 43 79
7 81 28
54 85 56
68 38 96
7 46 62
74 79 19
37 95 41
80 56 37
50 0 43
51 24 19
32 70 22
24 43 13
66 73 24
35 62 79
84 60 57
59 87 89
50 52 51
10 26 53
10 9 7
37 62 65
53 91 98
95 90 89
66 96 21
66 12 6
44 74 98
13 26 22
82 15 11
13 32 3
53 38 89
52 39 97
16 3 37
65 88 68
73 26 25
3 7 93
40 38 64
2 12 39
35 13 13
83 26 58
35 75 28
40 64 56
58 21 29
76 95 3
2 92 21
67 5 5
57 25 82
72 38 30
37 12 46
11 21 85
45 62 36
38 25 53
66 5 51
35 96 34
8 63 94
67 17 24
76 43 93
68 71 92
3 29 99
68 89 56
81 97 96
64 22 88
4 19 53
67 99 33
66 34 56
73 98 31
37 8 78
6 19 73
2 34 70
63 38 43
33 65 83
31 96 99
20 32 52
31 21 64
67 13 54
11 91 25
3 89 69
63 57 36
65 87 56
37 58 67
68 94 73
9 44 92
30 56 20
41 52 24
10 0 78
41 83 66
24 32 1
10 68 23
11 9 59
20 78 0
35 22 80
0 22 7
90 73 88
28 87 85
33 26 92
51 66 96
88 70 16
45 78 22
16 92 21
33 43 39
3 65 66
72 45 56
47 48 90
16 94 18
63 44 20
67 60 44
1 56 95
53 82 41
27 59 32
12 43 3
53 65 8
2 97 5
50 42 47
96 12 80
8 38 82
90 43 78
76 78 99
41 85 83
96 30 1
16 63 10
9 79 35
67 38 33
78 91 17
29 69 75
60 44 19
27 73 61
17 71 71
20 39 87
27 82 83
84 55 45
27 98 78
10 12 49
6 73 1
67 41 68
11 76 19
60 88 74
75 64 64
16 99 15
45 18 15
96 61 96
45 79 70
2 96 76
72 79 2
44 38 18
31 29 8
31 32 36
45 20 96
74 5 59
23 43 19
6 80 97
67 63 69
38 94 6
12 23 83
60 90 86
34 89 81
63 33 54
8 27 47
46 22 4
35 8 41
13 39 83
73 32 49
11 8 72
75 74 32
16 1 3
53 99 40
84 63 4
16 78 29
31 33 5
14 1 19
2 61 44
44 87 53
92 9 89
8 29 72
26 32 55
43 28 59
17 72 33
40 61 91
31 93 55
72 58 92
6 5 62
68 80 5
12 40 62
65 22 68
55 41 88
92 55 0
23 24 1
92 14 42
8 4 0
8 76 6
58 15 35
13 46 83
11 5 7
97 62 7
95 64 67
16 79 10
80 86 0
67 3 71
95 17 39
16 98 5
74 20 42
66 59 36
46 64 10
96 93 84
60 19 60
35 88 66
78 0 43
10 97 45
35 17 9
73 69 99
27 83 90
51 82 24
12 48 56
17 38 52
11 96 44
76 42 44
20 64 4
51 68 46
16 97 38
60 46 56
32 99 4
3 52 25
10 60 39
51 90 11
76 66 33
83 0 7
16 23 74
40 53 85
24 21 30
98 59 65
93 91 42
10 43 73
37 64 1
11 61 52
96 28 57
85 80 14
75 48 70
43 22 52
54 36 59
67 74 80
68 23 3
7 78 1
26 79 56
26 0 59
60 57 5
37 5 52
62 77 55
96 56 10
76 38 50
50 89 45
90 41 66
90 65 54
28 54 71
11 28 58
76 73 18
40 6 56
53 69 17
23 36 92
66 4 41
39 87 47
60 56 57
67 24 83
67 25 72
9 89 11
84 0 35
95 53 81
74 77 77
37 65 6
2 90 34
35 58 36
17 80 38
31 23 37
7 72 90
95 94 46
16 28 49
50 94 95
10 31 98
94 49 4
18 29 5
45 99 1
67 54 50
7 13 24
26 20 55
84 26 73
60 74 34
96 33 73
28 79 29
96 95 51
0 80 17
9 21 70
33 18 50
58 44 75
34 47 5
23 15 23
41 80 38
55 12 40
2 33 4
10 13 15
84 59 46
63 9 38
11 47 3
26 71 36
64 86 28
72 73 93
72 20 82
17 85 77
35 55 89
63 96 33
57 46 33
28 26 46
6 61 34
95 21 35
13 99 70
66 55 89
31 13 8
84 8 4
96 70 15
33 78 89
24 85 7
6 4 84
41 62 11
13 78 58
96 91 59
31 27 16
10 94 33
67 26 49
4 78 57
95 99 37
76 24 64
84 36 55
95 65 28
60 4 68
47 39 92
31 43 56
95 81 13
82 14 26
10 3 85
35 57 2
92 6 59
63 41 70
83 32 49
7 83 93
76 69 6
58 52 71
67 53 35
27 21 66
59 85 28
50 64 2
98 48 8
7 49 35
4 32 86
98 78 19
73 30 45
0 29 98
67 76 36
82 88 78
1 32 47
9 72 45
72 50 16
72 75 64
51 76 52
81 85 96
96 20 84
40 48 44
32 56 4
7 38 97
35 40 23
44 75 89
3 69 52
73 79 82
55 86 11
35 63 53
2 21 28
69 56 69
60 66 24
63 98 63
90 75 36
19 0 52
61 65 65
16 56 96
35 31 40
84 62 3
6 74 15
10 71 85
4 18 1
51 7 3
43 61 64
31 14 49
72 89 48
51 96 32
73 97 65
8 80 53
98 32 28
45 29 49
51 43 97
35 7 32
35 92 46
15 32 72
16 17 73
60 93 98
59 77 55
90 1 36
35 19 51
92 95 35
30 19 6
92 27 28
27 61 98
40 34 42
35 66 32
14 85 15
57 54 90
60 3 72
76 12 18
33 61 5
35 60 10
67 90 72
41 61 9
24 20 74
61 62 73
73 65 9
75 57 58
31 54 38
76 77 62
10 27 86
68 18 87
79 78 12
72 53 70
33 83 85
7 41 36
95 41 95
95 82 36
11 72 91
16 34 31
50 4 39
17 4 26
95 49 89
11 33 67
75 94 76
66 7 83
43 30 52
60 45 43
93 23 73
24 13 24
47 80 62
37 88 79
26 65 34
90 33 86
84 32 40
8 82 60
14 94 59
90 26 1
7 39 18
11 43 97
68 61 16
34 56 56
7 12 36
40 62 80
52 86 78
82 43 73
21 69 16
55 52 25
16 21 9
92 24 60
15 87 9
2 55 1
7 52 86
63 39 98
10 55 20
24 87 15
51 36 82
11 66 72
51 45 58
81 78 55
6 26 49
27 71 72
35 83 86
45 97 83
78 64 58
35 27 78
95 78 96
45 98 17
23 28 80
17 94 66
71 80 66
9 17 48
46 88 75
90 70 54
0 49 28
75 24 5
17 26 28
93 13 96
2 27 83
59 65 37
12 91 56
16 33 92
63 27 38
95 83 95
7 26 42
11 58 59
61 91 10
81 25 76
2 24 83
41 56 20
14 19 84
27 41 32
63 31 93
2 20 22
16 62 68
31 56 3
8 75 1
50 18 64
76 72 73
10 17 33
67 14 82
94 39 91
43 38 81
65 86 9
3 61 46
67 55 61
71 87 15
44 47 74
21 20 9
2 49 98
51 12 63
42 48 66
43 34 42
97 25 54
23 83 13
55 43 36
31 66 65
28 0 75
37 83 13
41 57 48
27 36 95
97 39 49
57 20 33
10 79 40
37 96 71
60 27 1
16 91 96
9 95 72
3 85 17
16 18 69
35 3 5
60 55 99
72 44 60
40 24 38
49 64 9
66 14 58
90 82 51
9 26 76
83 49 32
35 61 61
84 17 26
68 13 48
90 62 79
74 42 20
27 93 54
95 14 92
60 39 56
54 86 71
10 66 67
79 42 21
37 63 19
9 36 14
37 69 70
84 95 4
12 97 7
24 99 94
63 6 5
50 23 3
28 59 66
51 87 22
53 57 72
6 54 24
3 78 74
18 80 84
93 61 14
34 0 35
75 93 43
18 42 18
52 57 63
63 21 27
30 15 79
91 39 89
3 27 75
72 83 10
92 41 61
89 62 81
21 91 54
58 78 17
16 95 52
16 58 73
47 97 91
60 18 24
11 87 87
80 70 13
33 88 28
31 72 94
3 94 7
51 58 34
34 38 97
86 25 74
75 77 8
4 28 21
11 41 50
96 4 82
9 38 6
76 9 64
55 33 69
93 86 1
7 55 82
2 36 32
37 82 28
17 20 13
3 76 73
44 6 56
96 25 75
2 3 34
84 31 37
63 15 29
57 5 4
95 6 90
95 58 2
47 88 95
41 74 14
30 91 42
49 1 8
85 69 42
16 39 36
33 80 16
2 72 28
58 20 86
90 40 42
11 55 37
23 32 59
4 13 92
66 50 71
0 48 17
14 98 8
73 5 93
12 49 18
58 75 43
28 71 25
38 15 47
64 56 56
67 39 51
9 33 55
17 22 84
51 8 85
83 74 92
4 26 13
10 78 41
51 50 82
92 44 16
96 90 36
33 41 48
87 70 58
68 81 97
12 71 91
67 31 46
50 73 13
91 88 19
41 82 84
63 3 55
63 81 8
43 57 44
16 60 99
51 59 80
60 73 13
8 42 7
8 9 73
66 46 32
10 75 50
42 32 50
92 57 31
12 19 59
50 78 53
48 56 86
51 40 43
3 66 39
71 86 78
35 95 8
84 48 80
82 39 13
10 8 24
87 99 69
3 93 61
43 36 34
17 23 66
67 66 4
84 12 33
55 98 31
72 49 24
21 80 17
76 75 86
73 13 84
66 40 13
8 31 37
11 45 64
71 70 27
8 66 96
16 8 89
27 12 11
44 59 99
46 69 92
27 40 42
44 70 10
76 33 45
28 20 80
81 1 53
63 17 36
61 19 10
66 68 13
68 44 69
98 91 75
50 53 38
7 24 38
37 31 37
37 66 24
90 52 56
37 42 41
50 40 57
66 21 87
35 47 17
97 80 75
49 88 25
11 63 2
17 44 40
53 61 62
35 33 18
57 97 67
94 62 10
92 17 60
40 74 78
51 4 9
27 54 4
94 77 72
40 81 19
67 72 49
95 5 4
96 6 24
7 94 38
73 70 15
82 28 38
41 13 7
36 85 90
92 61 28
16 86 97
66 95 79
54 1 52
26 86 53
17 75 73
93 38 62
26 94 40
41 45 42
46 99 89
51 9 17
40 43 96
90 25 29
89 49 79
52 79 67
20 22 97
7 95 41
11 60 27
76 94 27
44 36 51
8 64 31
65 62 52
10 62 70
31 45 32
6 42 56
13 56 47
31 9 22
11 26 71
84 93 85
27 47 29
3 21 14
72 24 65
9 45 78
93 1 45
46 98 17
95 43 83
16 72 18
3 17 31
33 52 75
37 72 13
11 0 20
81 46 92
32 87 9
90 48 50
50 25 23
28 56 76
93 97 99
54 69 65
37 0 55
37 60 26
72 78 16
84 76 38
83 36 30
84 1 38
33 70 71
42 64 87
12 38 85
11 90 45
11 38 10
13 62 22
67 62 75
58 28 24
55 71 87
33 29 5
33 15 70
21 19 57
40 23 89
82 83 40
8 33 88
16 46 64
66 88 53
41 25 9
31 57 57
55 23 15
83 56 11
22 39 32
52 88 91
82 74 10
76 17 97
92 46 47
41 49 88
72 93 65
83 46 85
76 6 19
83 81 56
40 99 8
74 91 58
68 12 93
3 73 54
41 75 68
93 56 16
67 56 81
3 68 93
66 13 55
90 39 86
9 90 15
51 27 12
89 87 27
10 14 7
2 32 53
21 86 92
89 64 13
71 22 14
14 21 1
73 21 28
44 34 25
12 50 85
60 17 19
38 54 87
82 94 83
76 27 18
60 92 27
66 56 0
47 78 56
41 32 98
10 82 56
63 24 64
84 21 56
95 34 50
10 80 18
84 15 25
90 46 18
92 50 51
35 41 70
11 89 73
7 53 90
50 34 37
67 58 86
2 88 17
68 93 96
20 42 91
90 36 9
76 44 9
43 88 5
31 98 62
34 46 37
66 1 30
6 65 48
68 43 9
75 61 69
51 14 83
23 89 79
53 79 96
50 56 83
84 86 35
51 17 47
75 59 92
9 47 0
82 97 3
53 43 42
95 30 70
2 44 80
45 30 60
90 93 74
89 78 2
35 5 33
75 14 64
3 0 39
60 76 71
92 23 81
63 93 36
78 1 62
72 69 43
19 69 97
76 92 19
16 75 57
16 27 87
96 18 49
74 87 5
75 23 48
10 19 70
84 94 40
51 98 27
34 59 19
18 64 76
49 86 15
96 9 66
55 81 68
55 70 67
10 76 21
90 61 10
51 53 37
8 40 54
81 20 22
17 6 63
55 32 56
12 57 7
67 43 27
3 95 96
37 55 31
72 98 9
82 1 84
47 15 45
84 3 4
33 53 81
25 87 65
95 57 61
2 79 68
49 56 66
3 13 19
91 70 68
95 74 37
71 94 59
7 65 96
39 5 56
84 23 35
89 29 11
96 44 74
52 21 3
42 69 78
66 99 95
57 74 65
11 57 67
8 3 49
45 46 39
72 26 31
11 40 6
33 57 47
19 87 10
45 88 54
81 49 30
31 71 71
8 95 90
10 24 75
96 7 75
38 65 23
