1000 3231 10 0
153 253 268 478 500 664 762 903 991 997
880 723 48
531 461 72
323 671 42
867 43 72
18 225 52
426 818 63
519 307 37
450 252 37
246 432 81
552 654 44
54 694 18
985 941 64
36 835 68
273 811 18
863 653 47
46 131 16
881 57 5
506 900 48
754 456 73
236 235 97
270 392 45
837 871 8
630 33 55
173 673 29
878 848 42
538 785 65
332 345 95
844 122 43
483 557 19
138 7 56
685 812 36
680 855 67
271 690 29
648 92 30
916 608 91
651 433 33
76 625 93
292 697 81
20 260 70
242 66 74
913 334 25
113 24 89
42 370 90
324 622 93
674 615 59
678 825 38
831 785 9
71 73 64
855 945 38
52 30 34
69 192 13
471 538 83
889 573 43
376 565 68
96 305 12
272 688 85
212 918 34
120 966 59
203 1 80
298 495 5
238 697 16
89 912 68
659 608 72
56 245 45
296 145 98
368 817 64
381 71 30
465 836 92
422 655 45
833 514 1
304 709 18
446 661 70
446 310 42
58 978 61
137 524 15
485 972 1
428 805 99
790 793 77
259 21 18
471 280 89
447 32 11
667 96 31
275 227 73
884 456 54
563 421 0
908 353 37
708 311 91
192 623 86
157 896 97
75 973 71
954 95 91
351 808 13
561 5 91
350 254 63
435 407 10
765 278 90
38 598 79
931 269 40
359 476 34
369 168 24
920 654 93
152 339 52
644 952 46
633 629 87
455 398 13
707 569 62
130 165 89
867 115 64
315 193 39
249 232 7
157 33 54
603 456 2
293 759 38
571 229 79
242 586 9
308 121 90
121 269 16
119 782 0
55 139 76
22 119 13
915 51 24
769 802 19
3 86 78
347 422 67
811 673 83
523 531 40
309 557 57
823 106 14
880 949 33
952 729 43
798 157 39
705 626 78
535 36 96
519 705 37
219 758 66
825 431 61
302 125 51
380 171 55
804 845 78
99 481 42
220 310 14
638 484 84
433 861 45
893 9 52
899 142 63
491 197 54
419 474 95
774 668 79
932 744 6
864 889 23
569 77 45
980 533 82
791 312 43
934 458 75
602 661 50
633 987 78
333 143 68
863 25 59
297 772 92
18 372 1
321 671 3
73 666 83
685 92 79
332 811 51
954 991 73
199 354 45
773 709 64
230 167 24
403 164 52
912 592 42
18 975 67
693 208 66
625 688 26
760 778 64
22 670 71
48 371 41
521 682 70
155 977 66
7 827 73
111 447 76
969 332 89
390 295 18
272 217 11
318 871 84
161 930 45
707 243 13
602 248 62
892 54 13
266 26 24
740 382 7
43 515 66
178 189 27
903 791 90
22 514 46
984 61 30
888 971 63
259 234 43
538 496 95
442 464 88
572 49 48
810 970 89
358 648 7
831 71 66
888 567 68
880 8 71
969 22 37
292 286 9
501 595 41
726 317 55
242 195 82
775 883 69
867 508 97
144 343 52
991 502 32
627 3 81
887 882 98
408 52 97
95 564 96
377 708 63
406 736 22
96 473 3
684 191 30
289 560 49
896 385 45
657 512 28
947 148 32
471 967 9
538 805 71
69 788 79
73 853 49
707 55 71
738 645 68
632 870 56
370 797 38
314 150 36
946 45 79
913 140 75
820 849 98
315 164 72
821 390 83
232 976 32
54 501 93
908 316 80
948 636 85
171 851 26
676 60 13
751 688 35
377 444 75
99 985 61
989 829 98
362 977 97
704 32 64
692 108 28
531 305 99
367 76 10
946 926 8
422 172 31
14 361 71
489 444 80
497 531 10
473 557 20
458 391 51
582 739 30
136 415 28
523 302 41
989 275 67
171 84 59
190 279 17
817 567 17
338 268 31
184 191 52
435 185 49
536 526 76
828 9 84
710 435 86
558 706 54
104 393 97
286 12 73
103 819 30
287 976 59
426 406 72
569 152 27
293 846 75
751 220 52
405 236 26
597 192 37
893 971 61
689 534 57
32 850 8
861 457 93
396 216 19
518 732 80
797 328 96
8 528 50
283 173 8
751 148 38
664 743 69
918 643 67
698 960 7
149 782 86
423 696 50
529 553 59
540 961 87
84 62 27
538 670 43
737 386 26
591 964 81
511 499 92
592 10 99
810 647 11
794 305 3
243 185 23
528 849 91
151 317 31
873 815 28
212 600 17
330 870 68
348 842 41
241 575 27
183 531 77
467 604 86
670 189 46
914 880 57
506 769 82
47 614 48
406 123 18
325 842 72
859 764 17
651 135 37
192 7 79
854 156 55
867 241 88
149 865 90
425 724 95
820 721 67
506 628 33
916 646 21
531 532 48
293 193 78
538 203 72
475 603 12
569 685 81
750 190 96
516 514 3
477 223 12
488 343 76
29 509 72
96 372 81
846 258 17
381 725 99
765 277 10
620 999 3
322 119 98
307 879 19
69 575 37
53 196 46
685 487 37
283 448 10
825 987 16
892 937 75
838 778 41
886 717 71
420 952 15
700 176 32
110 595 18
273 33 82
381 723 17
298 292 39
395 809 82
468 940 95
590 514 64
845 156 46
566 14 29
2 596 60
243 721 49
332 593 41
657 875 88
390 134 22
393 950 74
915 599 5
190 671 73
257 44 36
454 924 60
893 340 71
128 585 56
587 541 97
948 584 18
949 357 45
418 827 59
936 874 34
455 533 72
210 412 1
214 640 57
350 648 87
49 604 33
408 416 76
645 395 69
455 768 50
940 736 67
241 600 4
20 533 98
121 296 31
331 806 50
539 553 27
627 852 43
96 39 0
933 333 20
906 85 31
307 605 74
544 715 47
706 537 88
556 715 47
398 357 83
418 624 48
913 366 71
991 116 91
181 768 98
22 562 89
230 760 37
660 694 57
796 445 75
817 839 9
157 78 58
581 228 84
77 950 49
956 577 43
352 487 60
955 194 18
576 973 94
63 960 80
239 742 74
150 244 44
299 507 11
141 843 25
561 487 71
85 784 55
860 795 77
539 910 43
566 674 38
20 157 51
856 696 90
893 800 27
304 195 50
692 985 26
7 547 27
798 307 21
209 667 17
399 64 25
695 135 62
728 653 6
236 682 83
377 839 89
306 246 68
791 123 93
246 180 74
540 905 17
212 1 37
862 154 86
588 30 87
149 949 83
902 987 66
744 336 62
259 15 27
838 687 78
673 530 87
508 229 50
408 620 85
242 438 64
284 685 93
656 541 75
651 806 67
954 743 84
7 634 2
903 52 17
834 280 10
606 432 82
942 912 91
76 941 79
808 147 59
475 117 53
803 473 86
265 992 42
150 450 95
990 505 54
676 57 88
791 466 69
377 342 23
145 319 25
306 770 55
178 172 10
484 586 60
98 91 74
238 108 72
489 172 87
888 752 52
483 159 59
572 957 37
19 392 89
273 284 75
728 229 82
206 623 64
389 896 42
140 985 18
446 291 19
523 277 60
69 489 28
684 203 1
350 209 51
908 968 60
613 21 60
135 951 56
195 317 98
71 628 55
398 190 51
71 704 52
716 376 43
931 906 72
664 944 27
939 32 20
877 86 80
861 925 37
348 164 80
678 143 54
199 863 10
572 562 19
666 291 58
963 661 21
525 797 8
18 333 47
969 278 97
750 763 90
430 122 11
193 16 39
337 640 9
136 630 30
779 341 51
853 278 89
642 249 31
238 942 54
190 499 49
692 950 44
95 983 11
128 980 99
348 428 99
299 72 14
402 782 3
785 396 94
416 291 39
259 22 30
891 507 66
160 434 19
110 255 68
61 843 46
219 366 25
215 533 78
632 595 17
836 555 83
799 770 51
3 388 25
266 185 30
333 227 48
798 667 15
924 651 93
874 86 88
103 733 76
441 952 24
195 777 39
24 1 18
215 371 7
519 88 94
304 875 19
741 697 3
473 250 57
444 575 19
463 904 2
989 676 23
455 596 22
72 477 48
916 990 62
929 252 53
322 242 14
49 445 33
953 766 21
212 199 12
355 718 58
4 240 51
370 125 29
876 488 41
458 263 2
323 884 54
889 927 23
519 840 3
722 432 22
475 172 17
291 376 91
26 411 50
685 611 41
286 914 82
162 797 68
155 603 0
931 181 76
798 535 88
54 460 4
304 318 85
60 705 7
825 779 58
665 615 9
893 611 29
955 225 7
909 28 23
581 967 82
831 954 73
801 983 57
239 993 55
273 691 86
325 727 67
733 742 6
756 80 67
752 192 61
967 276 61
695 858 22
793 189 84
34 419 64
971 58 96
490 208 1
761 528 7
991 688 98
620 50 94
990 117 89
803 595 67
398 219 47
924 302 18
599 819 7
994 614 51
267 164 55
866 449 14
6 621 61
420 787 16
786 363 95
221 592 20
409 820 40
219 819 30
148 603 94
327 462 49
236 462 85
582 570 80
893 367 68
933 910 44
481 285 47
536 719 29
23 109 57
73 39 21
516 200 14
0 503 73
335 765 69
467 869 67
48 795 80
866 7 68
331 131 62
99 566 21
902 827 87
782 509 9
644 120 91
371 640 94
367 902 12
152 472 47
491 57 60
381 179 73
367 339 63
411 782 7
629 592 94
915 631 3
959 230 37
197 981 40
65 353 4
450 269 75
294 563 72
279 361 73
317 70 71
910 500 71
244 23 2
112 475 28
992 840 93
470 622 68
425 979 1
825 364 14
112 836 36
797 491 33
361 189 34
967 270 50
799 142 54
65 322 73
498 189 59
69 322 46
587 19 67
471 236 23
118 169 45
424 498 79
628 460 48
612 375 8
173 797 87
93 980 94
798 596 64
323 525 76
845 309 34
398 290 20
864 52 51
184 265 6
883 571 93
285 865 22
262 739 78
798 633 48
430 698 2
751 127 23
338 306 16
293 370 55
355 767 37
364 326 4
222 88 88
908 885 24
542 146 54
882 481 95
473 485 97
522 364 65
567 815 93
357 792 17
236 628 88
259 370 38
152 493 96
974 980 89
855 693 46
836 998 35
555 345 83
813 336 62
418 762 12
306 801 18
287 509 83
848 917 15
839 605 24
107 223 76
861 128 90
531 708 2
685 895 76
526 830 92
24 984 77
684 814 45
876 154 48
741 27 15
38 679 49
741 213 88
98 58 91
408 772 4
70 532 83
413 738 88
321 271 21
844 296 76
966 988 5
533 586 62
323 768 14
293 31 54
320 567 51
714 257 13
298 633 89
209 678 34
543 517 27
701 318 53
138 1 4
885 7 10
893 891 21
184 728 29
99 422 39
602 560 11
578 227 83
627 914 15
525 290 55
890 40 61
933 787 60
250 960 3
818 58 28
589 72 62
446 433 92
338 202 71
60 559 18
916 817 27
939 715 59
531 790 39
707 931 4
708 417 17
241 859 53
206 665 70
517 737 71
297 193 4
796 118 35
658 720 12
103 112 91
243 873 63
241 992 66
686 592 95
73 863 73
701 593 39
118 838 76
685 201 64
320 282 50
208 783 12
367 248 32
150 158 5
828 208 25
963 717 92
470 52 61
405 742 5
266 846 6
874 834 5
698 329 76
947 147 24
194 606 32
526 762 87
184 786 16
954 35 88
790 51 4
185 109 69
890 138 11
597 841 75
195 729 26
198 106 46
66 494 88
298 753 69
409 667 9
99 357 6
489 124 16
284 862 35
879 166 45
206 587 45
354 65 99
265 949 47
596 254 57
796 225 31
745 655 52
75 588 34
183 120 76
918 31 13
378 490 39
710 206 34
355 899 18
471 354 67
941 456 59
762 139 3
140 99 54
300 702 27
548 632 91
538 225 59
349 391 96
316 522 2
935 917 86
618 520 74
52 556 1
325 654 26
184 24 43
616 468 62
523 218 32
471 203 60
809 336 97
202 545 29
989 483 5
370 956 49
599 116 76
184 579 14
266 979 32
535 347 81
87 419 48
660 941 60
266 903 46
241 785 39
278 341 95
828 128 17
289 718 58
273 389 6
241 37 20
604 574 12
652 342 33
18 187 63
126 761 23
561 896 81
610 951 66
370 389 10
35 840 56
27 778 19
151 587 36
468 863 51
267 634 81
875 746 21
719 457 63
231 336 31
165 49 2
227 983 68
967 565 32
234 890 79
315 237 34
546 286 64
933 854 12
157 198 34
955 576 77
769 711 58
199 814 25
959 453 72
258 760 75
581 994 83
616 593 30
32 545 95
368 254 48
502 640 63
947 567 59
398 196 71
707 493 96
431 510 77
136 791 33
273 707 52
360 26 96
883 188 22
11 894 4
379 255 29
175 704 43
836 925 19
289 496 60
370 9 45
27 394 40
751 565 92
429 425 76
307 646 74
746 264 9
117 641 88
821 478 61
639 757 86
296 201 47
790 414 86
799 528 10
536 784 74
91 351 22
985 631 40
555 343 70
751 176 70
331 38 55
173 6 81
677 725 93
196 443 51
368 326 10
18 24 27
699 32 56
122 670 58
233 502 1
752 81 12
389 536 87
961 87 44
941 274 31
931 13 0
31 521 41
136 500 71
538 96 44
596 822 70
184 898 98
738 860 53
512 894 10
697 691 59
752 9 91
187 856 9
252 125 97
582 154 53
766 256 84
450 539 19
761 699 93
273 292 54
811 907 41
653 857 0
947 891 87
530 965 35
627 728 4
387 697 97
186 399 14
684 361 60
251 711 55
410 870 15
167 482 72
619 691 42
491 780 11
43 911 55
146 977 94
751 508 4
523 4 27
156 483 39
978 619 74
630 934 77
888 864 44
354 531 37
320 473 36
783 592 36
292 130 46
615 14 85
750 601 89
320 819 30
494 10 5
871 911 35
953 567 36
307 696 98
781 131 87
345 302 23
202 138 85
444 636 91
825 234 72
685 289 51
575 567 51
48 97 27
252 782 66
617 805 75
396 25 22
638 448 29
42 181 83
819 255 16
18 312 34
475 76 10
355 339 55
134 407 60
117 642 39
785 731 0
381 239 97
915 768 75
773 881 88
455 297 44
171 883 60
571 114 29
6 58 26
198 900 17
906 470 64
581 885 63
666 859 16
213 463 52
462 998 38
549 208 53
966 982 95
701 595 11
535 274 5
451 668 47
406 15 90
600 935 23
381 241 74
115 393 12
103 887 53
292 127 57
915 892 29
35 723 39
337 385 19
110 131 36
303 457 99
731 479 58
76 114 88
582 883 49
785 261 85
215 4 76
230 775 45
332 308 46
420 381 6
193 486 71
985 35 15
294 404 22
228 335 86
209 313 83
492 105 74
963 635 25
600 83 37
996 723 70
543 622 88
283 673 94
817 130 69
155 509 78
644 795 17
202 580 95
771 580 91
67 459 70
941 855 53
822 602 72
20 507 9
674 502 72
888 946 8
820 114 61
320 461 83
173 529 97
993 64 10
597 629 68
422 49 25
147 577 55
238 27 66
140 946 31
96 374 26
488 589 82
425 28 54
978 628 65
587 142 17
479 269 80
236 249 90
20 954 6
638 316 2
191 910 30
874 930 0
906 442 71
423 240 8
924 731 18
597 648 67
933 599 51
796 72 40
523 627 72
182 50 23
939 393 50
668 808 96
841 5 84
49 871 63
561 409 79
978 512 33
446 290 73
493 880 48
887 391 58
838 206 80
129 240 66
149 114 90
6 619 58
9 64 0
148 977 96
271 436 23
890 672 18
287 965 76
78 693 65
93 476 76
271 460 79
849 122 95
701 565 77
610 221 2
911 586 56
88 693 47
568 3 21
15 930 7
153 675 87
709 779 93
858 129 83
956 483 89
773 491 90
446 883 67
952 222 52
241 162 21
93 277 0
442 511 77
539 589 21
198 503 58
381 228 57
596 628 88
294 260 0
99 635 68
741 525 88
677 237 96
581 924 43
692 360 58
136 646 73
769 116 9
839 854 35
472 357 4
209 738 56
558 225 64
354 989 6
409 77 12
822 85 11
627 292 28
456 217 72
438 532 98
24 89 73
953 155 55
331 493 88
414 328 15
94 739 74
956 141 92
380 508 37
785 243 74
841 345 70
989 324 58
319 537 84
774 48 79
692 629 98
283 875 85
260 603 47
913 845 39
717 207 33
43 299 91
298 102 49
413 53 6
969 882 52
753 385 36
631 812 10
766 445 8
91 76 0
887 538 69
179 640 73
543 115 63
695 786 49
723 974 45
262 230 62
105 431 22
753 715 52
572 210 2
903 605 38
381 714 26
362 572 94
568 934 27
140 152 52
488 991 64
94 439 37
178 641 36
628 989 44
3 345 36
817 619 73
800 256 43
246 299 27
397 533 7
471 794 34
24 579 76
721 246 65
888 73 86
305 11 13
817 123 28
941 542 95
380 564 13
763 257 97
610 88 68
55 681 29
225 763 98
468 758 65
852 979 91
258 614 20
519 555 17
615 793 45
879 331 10
983 537 43
791 272 39
666 591 89
400 477 95
403 952 56
322 14 27
847 891 83
282 19 52
76 620 15
501 399 9
47 672 95
773 152 42
897 477 68
475 208 82
178 546 18
671 930 33
323 580 68
798 831 83
535 468 13
74 771 15
752 864 97
39 998 10
338 952 35
33 578 26
136 140 8
933 474 0
73 842 69
820 925 81
638 453 69
558 804 66
112 525 43
915 387 12
246 268 57
790 643 33
810 233 59
430 243 13
239 912 12
148 883 95
668 23 17
866 256 27
165 943 56
235 878 13
10 999 69
444 104 24
18 13 95
13 677 39
676 460 9
390 5 15
692 306 23
961 265 23
476 686 83
225 53 72
58 709 85
672 865 18
803 604 50
430 871 46
298 120 71
860 594 71
196 133 27
196 494 40
791 789 37
839 563 22
136 119 5
382 134 94
969 803 55
811 164 16
269 840 8
112 138 67
846 461 63
150 130 77
748 204 46
863 217 19
597 284 90
42 428 15
9 305 95
138 792 37
535 137 7
711 993 5
599 563 5
21 10 30
124 339 80
976 917 88
844 431 54
196 909 65
876 760 58
108 337 4
950 208 11
260 990 81
949 518 75
519 952 90
971 252 22
817 667 12
939 1 13
350 488 79
142 438 6
715 552 20
685 126 47
798 445 66
969 869 88
276 555 63
761 213 96
338 448 86
869 427 34
426 627 86
312 660 2
929 478 30
178 362 76
577 391 9
636 526 87
217 808 81
5 858 91
8 930 67
636 153 21
321 593 45
901 339 84
405 289 79
656 339 49
209 348 96
118 336 61
644 353 76
168 573 38
247 14 35
261 449 40
163 849 3
694 551 66
804 555 98
465 198 24
657 995 65
497 157 17
228 801 64
887 741 28
276 521 13
181 626 50
28 681 15
408 669 99
238 180 4
851 829 45
230 880 27
716 170 65
210 511 84
701 215 60
18 243 56
136 60 3
158 998 81
558 382 53
793 174 87
750 589 13
804 737 54
97 617 35
76 348 26
650 676 30
116 227 74
303 378 13
381 960 70
489 723 77
97 256 31
457 480 69
597 1 53
742 870 48
2 680 86
851 280 17
198 511 77
839 348 99
508 108 20
61 680 44
773 934 50
891 972 24
489 448 89
558 735 30
91 430 90
771 119 25
736 80 90
179 774 98
315 159 28
292 346 24
763 695 52
888 936 15
690 61 89
618 734 6
188 784 51
418 951 67
285 449 89
830 613 77
124 840 80
35 537 11
396 134 6
475 195 63
49 781 32
796 212 60
924 853 11
959 468 70
526 598 29
822 776 40
908 285 21
238 198 49
381 882 84
907 138 72
893 717 74
543 433 25
931 237 54
760 779 16
478 653 50
203 75 44
180 975 14
136 349 78
890 466 20
424 784 66
491 806 46
568 921 9
893 778 25
58 737 49
413 126 76
346 342 14
772 353 26
707 938 8
36 5 25
90 375 84
191 452 23
347 188 10
937 278 44
465 54 35
704 28 80
374 957 26
738 180 75
179 284 2
636 713 75
18 517 12
190 64 26
566 670 1
540 44 37
750 907 80
543 772 17
650 667 40
627 195 76
50 477 32
354 434 70
636 787 97
350 936 98
861 44 16
191 51 58
525 214 75
386 186 17
363 125 87
195 962 89
574 905 95
537 744 95
343 30 67
656 340 80
276 21 71
908 23 77
596 30 76
193 410 6
276 982 9
573 250 2
465 716 33
846 35 11
0 573 30
867 943 45
55 374 37
304 209 31
773 575 35
33 920 69
430 577 49
916 403 27
327 895 46
629 191 33
449 19 97
181 411 43
568 461 83
948 887 66
671 31 53
400 200 59
441 588 83
124 159 40
519 883 0
755 901 31
376 904 88
348 845 67
750 515 11
335 810 59
53 726 96
416 910 39
933 322 65
774 714 6
20 673 94
798 599 50
428 539 69
718 588 24
54 49 48
218 302 7
822 411 7
99 708 35
372 281 76
773 685 8
515 689 62
209 160 74
678 34 41
791 677 59
607 107 69
621 813 25
368 224 77
413 180 23
751 791 36
286 615 13
928 427 63
831 12 36
365 64 44
372 82 3
629 189 4
703 302 55
953 633 62
959 337 52
173 631 46
624 632 79
326 383 10
683 443 40
236 303 30
110 782 80
541 551 64
535 107 30
770 778 39
466 661 24
436 799 65
752 606 67
664 794 32
58 793 27
817 27 42
220 875 74
381 919 38
101 992 11
426 945 51
833 352 16
700 271 34
526 211 87
854 622 81
822 121 50
606 857 23
338 150 25
946 97 53
2 657 79
489 455 32
23 764 16
289 8 84
53 50 78
430 755 47
44 598 94
120 936 19
71 210 77
444 54 26
616 411 35
445 379 59
817 875 65
497 968 59
65 165 24
581 294 33
888 649 92
190 427 3
289 412 75
84 570 18
631 813 42
18 590 38
550 536 69
133 288 10
327 967 25
335 46 8
98 409 91
311 309 75
595 981 31
398 77 68
955 575 28
750 817 63
873 325 0
86 981 96
877 905 47
183 92 78
733 172 44
381 888 93
818 616 49
797 715 73
580 849 20
936 388 85
501 840 33
397 637 85
548 909 96
663 801 9
918 506 70
872 73 88
677 460 13
380 444 97
183 841 58
951 654 7
538 253 36
961 145 79
846 629 17
903 932 61
518 545 87
497 26 60
796 416 36
668 187 71
838 332 80
519 454 16
900 855 34
659 639 80
954 585 65
257 163 33
389 669 10
443 41 9
335 687 26
403 415 60
972 328 34
54 233 46
98 38 97
405 755 67
873 374 84
162 665 93
407 783 77
908 596 54
778 466 34
367 790 42
637 329 52
475 274 92
594 440 49
878 695 88
692 599 24
467 156 18
266 206 1
877 930 11
248 207 78
25 288 89
878 769 82
124 466 58
661 410 5
307 909 68
192 999 90
671 768 22
98 14 1
293 151 0
697 640 31
749 10 28
359 979 12
304 91 66
98 364 26
45 516 61
368 104 85
41 170 10
887 239 55
389 164 14
373 807 65
191 850 41
785 977 56
664 659 69
320 175 85
502 559 5
433 838 9
142 612 9
127 114 23
362 961 10
751 846 21
239 359 53
493 110 99
554 217 55
730 945 63
315 991 56
867 678 24
471 376 53
540 418 79
539 513 77
899 239 6
87 111 62
179 484 57
766 579 70
582 247 80
961 191 84
203 810 32
347 50 66
733 188 94
464 456 39
990 498 32
898 533 11
820 513 80
635 686 89
984 637 32
4 730 17
495 401 94
986 598 41
767 660 27
931 515 18
432 739 51
678 531 0
311 442 23
486 917 2
880 165 7
81 425 87
567 658 11
37 476 31
437 620 92
599 861 42
575 770 61
690 806 98
355 990 56
966 968 18
723 748 69
773 697 37
567 255 2
888 848 53
933 253 55
558 907 49
315 987 92
691 319 87
566 788 12
184 29 24
331 617 76
230 546 45
56 925 41
797 59 23
316 57 86
950 504 20
204 626 93
770 639 90
759 46 72
606 727 16
969 455 44
542 83 80
597 6 3
171 899 55
316 668 63
887 535 96
710 53 49
876 33 24
157 587 46
96 347 6
917 231 43
895 345 67
887 797 95
380 667 97
649 852 20
423 687 50
30 231 46
159 464 64
913 219 89
797 759 59
367 716 88
860 937 66
99 938 4
183 343 82
616 66 41
54 574 42
370 468 2
173 429 34
842 754 32
104 105 27
6 690 50
416 604 29
520 456 7
425 556 6
872 560 36
298 385 70
369 921 54
184 567 86
377 252 47
169 524 52
654 30 44
451 454 90
196 379 20
281 440 39
550 739 87
986 386 92
799 874 41
426 674 86
918 776 57
543 258 30
143 498 45
611 301 97
681 590 48
497 29 1
734 366 79
543 652 41
478 749 95
12 224 34
188 922 75
923 758 80
478 200 13
480 439 78
96 784 9
651 161 20
323 721 36
885 556 45
816 492 42
797 474 42
59 186 31
332 912 89
332 166 94
767 830 27
182 375 31
372 563 66
272 499 66
158 637 71
985 868 11
793 119 59
921 776 57
883 294 68
864 865 42
243 657 54
295 976 17
252 583 42
930 392 7
355 384 49
644 210 84
280 392 2
327 825 35
738 565 59
225 365 82
332 819 48
226 202 89
38 188 91
953 553 20
899 317 25
115 704 37
966 807 62
307 127 67
171 19 20
128 553 4
215 60 14
436 901 48
582 569 35
355 820 32
707 717 66
18 617 6
953 301 43
139 997 26
940 699 63
264 361 11
856 50 68
664 769 69
415 87 81
151 231 10
143 337 76
575 651 30
102 889 46
810 878 79
777 392 17
71 211 6
895 765 61
120 717 65
606 625 47
151 40 5
171 203 37
377 415 73
546 768 42
362 748 99
350 297 92
156 45 14
190 524 3
599 978 58
53 361 62
561 656 91
420 160 91
375 639 29
991 480 97
4 85 34
478 849 7
390 807 13
189 125 98
903 633 75
113 135 82
847 474 79
900 245 37
593 424 11
241 199 61
290 937 84
650 995 90
633 886 30
698 119 42
538 966 3
924 978 95
587 515 89
526 771 60
468 282 84
176 808 14
2 878 2
966 276 83
834 469 59
794 663 69
495 218 39
307 20 69
201 603 31
226 873 30
278 507 60
565 951 12
266 475 79
604 174 47
763 985 19
535 580 44
266 722 45
166 977 46
211 341 79
720 514 76
462 270 36
955 77 90
73 623 89
648 395 20
933 171 80
136 155 19
611 615 14
420 606 35
751 817 66
954 436 55
671 776 96
273 243 50
117 351 22
955 480 50
6 330 85
507 762 33
117 109 19
838 108 24
972 777 2
794 806 51
370 859 6
678 41 15
827 809 15
436 93 38
585 786 62
575 408 35
238 564 34
358 190 59
938 932 81
947 215 13
179 398 35
684 973 17
904 524 3
807 100 76
629 246 89
562 216 35
140 676 95
195 518 55
536 740 71
814 123 13
198 589 11
707 419 19
383 577 15
171 939 85
641 464 69
193 758 0
132 232 18
810 973 41
47 334 77
265 424 72
650 600 44
138 823 83
441 0 87
18 831 59
948 593 73
687 654 1
707 712 94
173 31 8
557 295 60
752 56 76
646 791 21
519 713 47
404 919 45
701 814 77
219 777 23
851 442 35
284 439 12
500 326 70
398 404 90
546 680 35
498 589 35
153 702 53
220 662 6
426 331 50
274 10 90
387 398 76
166 353 51
560 300 8
91 325 69
113 76 28
103 327 33
859 349 13
956 32 63
760 372 20
947 409 72
567 728 89
128 344 74
88 291 19
735 901 97
190 631 34
91 707 47
450 371 70
314 284 34
685 247 92
534 592 99
526 686 57
837 722 79
109 288 64
821 222 80
465 261 22
619 826 99
543 567 15
586 639 75
887 455 6
126 747 18
792 514 18
400 14 34
718 652 69
389 455 26
664 277 3
344 361 49
899 973 11
76 682 68
56 111 12
52 858 84
638 51 40
465 856 1
796 680 58
333 882 59
439 17 50
526 814 92
258 497 58
650 617 73
328 30 26
929 140 51
120 690 72
548 472 36
921 386 82
967 905 36
136 689 68
971 636 4
259 646 88
794 142 35
555 251 32
704 834 46
126 359 53
478 23 50
889 174 80
98 271 22
584 658 28
346 734 35
929 570 23
357 884 40
840 744 3
225 936 36
202 715 24
933 104 95
558 668 89
451 416 82
376 849 7
436 653 92
747 476 26
907 468 65
559 250 65
304 535 5
292 246 68
38 250 37
579 482 93
692 636 51
183 238 26
128 723 61
515 624 55
192 686 14
454 54 96
523 465 39
922 82 60
103 134 2
535 793 89
929 838 92
313 245 76
549 329 18
546 81 79
893 605 0
139 640 10
847 952 34
124 706 88
152 813 34
201 10 29
420 271 77
436 815 16
177 429 88
701 75 21
61 218 94
671 96 6
62 894 86
266 156 99
3 502 74
446 171 76
52 807 92
99 844 77
103 150 54
190 356 5
34 501 85
979 375 68
610 515 54
948 174 24
774 294 80
646 199 56
596 312 66
767 417 24
611 708 32
699 463 36
947 837 3
684 538 84
667 811 46
659 736 37
602 133 72
872 469 32
546 781 18
400 394 2
259 536 48
845 809 7
931 220 23
953 21 94
266 160 13
153 607 62
677 779 46
662 440 39
564 378 90
751 389 38
51 835 17
259 307 44
145 232 96
760 699 2
660 805 64
915 48 50
719 68 26
651 47 96
921 91 58
684 610 44
112 614 20
526 521 90
206 19 80
427 911 23
181 845 27
212 567 78
876 319 12
470 757 99
643 702 10
712 400 30
896 909 53
124 438 10
773 693 89
387 510 29
162 990 5
418 100 2
2 37 91
355 265 51
17 724 94
40 245 33
532 427 41
685 186 11
306 108 29
171 114 37
205 688 13
304 749 93
263 341 39
499 905 91
767 351 41
420 175 97
741 470 88
303 231 61
327 651 40
69 406 68
916 853 36
235 490 67
751 24 47
253 805 0
209 323 66
24 887 57
630 222 30
750 40 72
797 563 68
387 922 72
944 490 1
334 792 25
306 204 74
678 785 44
581 538 76
47 248 68
970 255 77
773 86 17
701 738 31
811 287 6
421 270 7
969 384 96
23 779 51
484 422 46
829 746 40
452 688 92
496 736 44
277 182 28
294 942 5
273 230 84
766 82 96
708 423 93
774 177 51
386 164 95
316 59 93
106 824 69
883 194 5
406 34 75
906 221 41
316 973 73
946 735 47
569 862 42
31 353 98
528 652 74
643 134 86
405 441 26
384 152 94
640 224 15
860 384 43
583 60 26
510 706 21
293 168 50
623 30 74
525 0 72
513 514 97
29 964 14
628 10 16
581 497 93
608 528 42
579 682 21
714 481 77
206 143 91
824 492 66
353 131 28
630 666 86
141 554 59
118 418 49
266 653 91
538 38 87
521 256 43
101 632 16
755 746 86
977 717 85
259 208 66
334 821 60
162 704 24
946 709 92
37 778 7
478 529 91
397 414 88
315 935 85
879 344 13
838 642 90
575 286 59
342 50 37
417 592 87
611 695 74
764 577 6
828 517 32
389 456 16
101 364 79
904 318 9
890 114 59
448 653 46
419 549 89
177 138 98
886 518 57
548 668 39
454 522 41
298 181 44
79 572 82
321 726 58
829 849 83
687 940 19
389 179 76
843 217 43
212 745 95
194 201 69
634 748 2
787 640 87
79 301 9
617 729 87
725 626 52
580 578 99
222 746 47
774 756 41
604 170 39
629 694 21
103 297 47
370 597 71
924 488 89
286 902 27
616 711 81
835 505 49
103 155 25
558 271 70
817 790 99
366 110 82
526 36 61
561 703 40
580 645 79
460 950 43
210 842 50
377 854 62
230 968 15
266 162 27
323 166 57
157 708 10
918 496 48
156 653 60
667 956 49
876 71 57
684 596 99
170 392 53
684 346 56
377 49 46
918 541 95
903 738 95
821 25 19
142 583 94
896 479 19
243 186 9
595 945 73
990 72 0
582 866 10
42 20 98
831 662 22
338 316 9
737 421 33
493 835 84
728 85 1
712 859 12
150 235 79
960 999 52
381 31 26
355 530 94
248 365 79
380 831 35
864 654 57
687 82 79
969 888 47
864 456 6
969 373 36
867 205 47
847 969 60
509 965 44
366 727 93
766 161 7
446 835 92
962 486 13
354 885 1
451 608 11
609 898 74
23 365 27
305 705 63
943 393 36
862 645 25
369 957 85
272 852 97
283 818 10
79 589 21
91 535 98
695 590 22
721 737 1
434 500 50
220 665 0
630 264 95
861 990 81
320 716 36
511 683 4
690 927 60
465 717 35
489 670 63
629 925 48
98 149 82
377 299 75
526 175 45
986 765 76
829 92 82
568 731 37
765 110 41
899 735 35
246 363 0
288 917 15
91 780 62
248 44 63
358 918 3
451 313 40
691 654 48
712 429 0
120 667 50
136 596 70
514 147 98
430 83 25
235 460 23
259 342 49
401 912 77
794 94 70
994 743 82
874 988 13
241 290 75
481 68 95
655 654 49
519 609 38
362 356 43
55 688 83
348 783 13
69 970 88
163 736 59
569 810 47
148 137 77
679 122 52
521 491 34
550 389 77
857 688 19
538 690 49
387 78 40
423 740 22
238 546 89
103 924 41
753 469 22
283 903 91
336 999 63
622 291 21
601 578 68
220 366 38
321 741 22
832 641 46
353 965 8
825 346 56
136 764 11
286 64 35
508 169 51
203 820 60
412 17 25
166 311 47
843 86 96
692 535 90
95 356 87
339 689 7
773 367 37
506 443 17
743 503 60
359 443 24
953 817 94
633 816 79
906 877 73
544 345 87
956 474 54
735 565 62
76 207 80
238 985 76
13 896 5
885 907 95
617 852 49
28 898 74
902 119 33
923 960 23
675 534 20
768 837 93
174 549 32
626 965 31
222 158 29
96 914 83
209 364 44
558 58 54
947 632 82
669 64 40
955 75 45
113 362 70
886 826 47
568 699 34
118 560 87
582 814 59
664 236 58
963 255 33
755 708 91
321 806 31
260 554 72
938 917 45
868 532 45
984 601 52
278 884 73
919 639 51
409 480 99
546 563 75
81 144 77
899 844 32
338 665 98
614 833 97
760 698 26
207 840 30
68 756 80
544 485 7
985 875 66
915 104 24
664 36 61
405 673 48
567 892 16
494 547 58
944 449 70
921 150 16
794 743 93
428 421 9
235 733 75
391 336 3
961 760 43
561 921 66
913 708 35
314 752 15
380 687 11
203 5 32
804 151 20
228 569 37
954 457 83
225 642 19
69 756 12
446 969 12
305 715 4
220 126 10
381 148 61
256 374 30
790 165 93
955 238 42
967 732 89
283 573 11
891 909 18
314 499 50
990 574 11
933 612 87
415 714 61
341 930 82
916 415 3
647 392 54
701 327 43
24 596 78
903 877 57
237 356 38
355 572 97
955 370 44
238 366 54
482 942 60
225 986 77
828 671 26
128 687 97
817 888 12
638 643 97
314 678 9
194 291 25
59 573 1
467 964 72
440 14 86
633 965 83
527 577 65
751 564 80
252 311 72
372 875 28
325 939 51
570 201 75
921 97 39
474 482 38
883 100 36
162 96 21
18 536 93
62 45 42
791 430 17
995 976 23
544 90 51
788 999 55
81 8 20
403 645 96
416 499 61
340 458 81
882 208 25
544 84 87
817 741 78
947 118 37
643 655 85
804 403 40
925 556 14
408 623 38
890 727 12
203 37 53
276 390 22
240 670 29
970 769 33
703 16 46
846 771 57
415 899 36
306 482 21
453 992 48
710 453 74
293 313 9
450 469 22
223 269 67
377 67 51
752 739 39
538 411 43
389 853 3
389 937 94
298 618 63
536 602 51
299 865 56
286 138 96
298 348 76
446 927 95
474 807 27
243 53 13
190 711 32
582 99 67
918 300 80
796 883 71
753 585 31
286 681 33
839 435 45
77 962 12
26 244 18
8 950 91
987 445 21
333 281 55
697 753 65
40 850 69
92 500 29
224 586 74
403 714 91
636 48 49
860 108 78
850 534 30
357 670 92
745 979 81
312 402 77
316 291 7
929 327 84
561 457 33
851 359 4
671 950 60
636 430 80
298 679 31
741 36 25
644 888 13
947 989 50
627 21 5
266 268 36
547 336 81
723 982 38
859 514 33
561 370 93
157 616 57
973 777 76
597 316 14
630 553 12
880 263 41
2 468 35
614 317 93
916 395 68
665 949 27
719 135 94
887 190 46
194 416 9
515 681 38
60 383 79
763 958 86
634 407 46
970 560 63
298 313 71
887 27 2
636 737 75
79 423 52
123 603 33
96 832 0
334 92 17
768 25 35
405 814 6
315 874 53
931 899 16
538 11 96
32 341 86
421 388 61
876 281 5
860 560 62
45 343 27
458 537 69
910 187 56
682 249 62
865 82 15
566 371 24
335 13 41
895 843 9
707 801 22
321 635 51
282 577 0
18 674 53
591 941 89
226 490 98
65 555 16
780 434 61
491 247 0
412 437 91
796 797 65
212 923 85
373 85 43
158 930 82
108 101 20
376 141 1
489 408 87
851 604 88
380 676 98
56 277 25
397 16 49
191 219 55
721 63 39
561 797 28
820 928 25
830 588 47
581 260 90
553 670 40
209 89 23
307 331 32
321 497 1
378 213 45
312 749 35
969 313 53
97 422 98
356 993 24
409 758 51
395 802 66
758 976 37
558 531 51
131 391 57
18 752 2
322 154 36
924 252 53
877 703 36
567 206 56
389 387 54
245 980 75
173 272 44
408 672 4
446 771 52
177 324 45
860 55 60
283 441 92
284 508 25
423 619 85
304 166 91
164 21 16
799 866 77
450 551 15
177 622 0
969 978 30
228 952 60
337 182 87
5 30 84
137 349 11
74 641 11
172 509 35
723 14 77
415 467 1
397 474 39
527 218 87
448 436 3
6 74 75
475 257 40
28 658 92
684 313 84
597 961 94
127 594 19
191 862 80
812 950 99
468 886 72
367 957 78
707 799 59
312 745 16
405 832 3
367 474 96
57 974 7
838 966 71
646 495 25
685 910 22
100 64 23
392 336 7
16 777 35
364 229 10
719 93 43
387 79 46
946 844 74
408 151 79
795 494 23
806 382 75
785 289 18
678 387 62
546 486 30
321 775 45
121 421 2
377 372 22
905 41 29
156 824 49
397 444 94
418 39 10
226 430 0
704 733 66
56 726 88
98 322 11
330 549 34
171 973 43
171 124 7
220 51 93
620 739 15
51 982 84
155 875 16
311 922 38
776 852 43
964 995 3
335 712 49
489 469 87
74 613 49
558 918 23
729 89 66
297 555 24
523 433 50
967 795 36
872 20 39
723 724 80
238 630 33
472 244 41
546 764 55
206 605 63
312 712 42
178 235 49
599 308 25
354 4 42
469 505 67
297 232 65
203 556 53
896 80 1
272 391 8
381 841 12
370 142 94
765 997 75
322 653 48
561 969 62
812 856 14
915 410 92
918 330 65
96 922 15
358 327 79
253 813 66
364 86 38
252 93 97
929 489 43
710 150 88
377 118 85
803 713 82
977 783 20
346 428 18
927 336 75
397 770 75
80 870 33
377 374 18
811 152 24
724 809 10
236 687 12
978 855 91
335 441 75
561 381 66
598 577 92
971 747 36
54 261 78
351 748 39
519 935 11
38 211 27
535 108 53
199 613 77
836 898 71
867 13 19
77 877 92
355 381 50
418 554 37
83 524 82
360 522 99
524 911 32
53 282 22
467 958 84
386 274 14
826 507 43
150 423 2
1 287 42
454 797 18
103 149 88
150 28 12
854 325 95
284 121 98
593 742 24
91 99 86
6 740 74
968 249 90
69 91 31
136 912 62
804 897 21
254 306 70
872 593 25
306 459 0
546 125 75
888 267 3
794 556 71
760 96 94
714 579 47
602 137 73
935 458 84
633 526 30
899 527 72
346 496 16
99 901 4
425 942 56
894 391 83
605 625 47
380 470 10
459 89 25
893 121 18
908 455 98
154 927 89
461 419 13
273 141 97
433 532 13
775 323 99
862 133 23
907 733 56
362 441 82
519 20 85
397 241 77
8 139 52
281 301 10
879 868 77
599 49 28
978 719 65
625 382 0
53 771 74
674 753 13
69 236 73
572 379 10
403 254 95
657 884 45
304 238 79
32 214 99
952 965 53
103 212 62
489 61 47
708 363 63
918 407 39
978 949 17
430 255 62
853 683 80
883 728 30
743 185 11
906 492 93
732 669 81
268 122 34
740 607 49
503 693 64
20 575 71
304 671 78
564 400 68
229 318 33
91 496 7
306 735 48
368 490 99
551 658 7
315 441 75
572 437 64
290 662 32
906 482 85
199 104 59
508 816 29
310 905 16
548 610 58
362 811 82
321 785 78
961 987 57
794 986 98
591 745 69
921 67 74
87 19 12
2 778 49
111 733 56
378 49 23
702 848 95
737 268 38
228 367 9
362 360 44
955 604 2
710 967 80
805 8 75
955 630 22
126 530 13
704 782 82
991 363 71
789 689 64
469 920 90
508 351 46
323 403 28
461 609 74
755 145 83
949 533 87
872 150 4
519 680 0
968 195 98
423 826 38
114 552 30
121 608 55
220 610 36
79 902 52
915 513 82
373 351 48
88 626 1
664 223 38
322 142 71
283 241 48
599 882 28
88 842 32
918 130 93
975 269 82
177 428 12
219 666 20
772 612 5
9 341 78
247 996 2
266 547 28
53 385 42
543 570 44
396 595 74
166 38 71
531 263 19
618 485 9
659 365 58
784 930 75
785 361 9
558 334 8
757 200 13
802 402 40
841 285 64
192 246 50
546 902 92
360 162 98
630 667 98
78 551 45
672 17 88
685 766 22
804 297 94
811 243 17
998 962 54
968 695 39
656 528 51
517 16 19
255 229 59
604 201 56
157 745 97
582 717 61
108 603 84
914 532 39
444 33 6
166 625 10
475 4 62
446 79 77
235 237 20
991 815 73
95 772 52
308 730 29
209 680 81
934 976 65
173 127 21
128 551 97
870 788 15
820 830 65
599 55 95
630 99 66
35 195 11
472 85 84
487 356 40
760 128 57
985 144 53
896 943 46
505 788 96
851 801 4
4 552 65
78 295 7
771 439 13
738 576 14
882 343 68
454 800 49
175 31 6
688 216 26
481 792 12
945 64 68
988 639 55
684 324 32
544 176 41
370 102 7
283 169 13
433 899 23
9 282 25
739 383 87
178 597 20
3 922 92
846 706 52
350 47 16
481 287 58
121 997 15
561 885 52
713 133 50
985 963 72
959 265 57
203 468 97
370 879 68
276 809 13
916 288 14
538 994 75
241 924 78
619 180 81
697 263 96
314 909 28
113 664 87
465 86 74
957 302 92
413 454 55
866 617 30
644 488 24
923 245 97
24 535 89
323 734 89
91 970 72
40 176 14
385 107 28
42 96 92
314 602 7
175 3 81
99 616 60
861 571 17
701 112 48
696 706 64
929 269 20
64 223 21
312 619 21
405 885 17
216 269 41
814 3 87
403 886 83
194 61 69
113 241 65
355 32 64
322 813 17
315 895 45
811 884 51
998 827 91
293 531 37
727 871 59
321 305 73
564 757 13
876 577 8
290 107 63
140 199 3
958 161 80
926 50 29
465 445 83
430 192 24
27 993 36
548 132 16
260 34 85
896 165 6
545 917 65
304 171 1
846 227 26
525 181 86
301 788 75
504 720 95
206 191 27
233 487 62
933 656 78
162 263 48
815 466 27
700 914 95
388 858 65
394 715 73
876 851 98
648 356 57
338 889 10
997 131 57
907 839 30
687 21 24
377 939 65
847 572 45
629 187 79
202 542 45
851 80 75
687 383 14
801 993 22
87 64 63
226 381 31
755 382 59
266 902 69
915 659 96
908 220 60
420 354 47
676 511 82
292 342 35
113 671 42
