100 504 5 0
23 28 43 72 79
33 41 1
57 18 1
84 47 1
92 41 1
47 22 1
35 43 1
67 70 1
48 77 1
2 18 1
57 97 1
27 35 1
30 13 1
32 78 1
85 59 1
47 60 1
29 70 1
51 30 1
33 7 1
17 86 1
37 9 1
84 2 1
70 74 1
59 66 1
64 93 1
42 60 1
26 62 1
81 75 1
51 49 1
37 1 1
14 52 1
86 60 1
5 90 1
60 0 1
52 24 1
29 39 1
55 25 1
42 16 1
42 41 1
42 51 1
32 69 1
26 4 1
80 35 1
5 80 1
43 22 1
81 51 1
28 46 1
16 2 1
64 25 1
17 87 1
33 69 1
65 60 1
81 12 1
27 97 1
28 83 1
40 2 1
51 12 1
65 74 1
42 93 1
84 51 1
17 25 1
57 96 1
60 7 1
79 94 1
12 37 1
63 44 1
89 3 1
40 76 1
75 86 1
17 19 1
85 87 1
20 8 1
59 87 1
62 53 1
79 46 1
78 1 1
89 87 1
64 74 1
85 2 1
48 30 1
38 93 1
48 11 1
65 34 1
50 13 1
17 65 1
21 37 1
20 33 1
59 1 1
31 19 1
47 49 1
73 19 1
40 61 1
93 52 1
28 76 1
92 22 1
50 46 1
30 68 1
42 75 1
29 24 1
62 70 1
14 30 1
64 31 1
34 53 1
64 12 1
67 49 1
73 65 1
49 10 1
69 95 1
61 6 1
49 36 1
48 62 1
26 88 1
47 25 1
17 85 1
89 96 1
73 93 1
14 61 1
48 64 1
70 1 1
73 54 1
47 23 1
20 34 1
41 46 1
8 36 1
76 58 1
65 82 1
32 39 1
51 76 1
13 27 1
16 91 1
90 72 1
73 56 1
95 92 1
51 29 1
12 27 1
51 33 1
87 77 1
30 52 1
91 98 1
3 19 1
76 16 1
60 99 1
13 90 1
38 16 1
28 29 1
81 90 1
98 10 1
80 34 1
29 77 1
85 19 1
73 40 1
48 46 1
55 4 1
38 88 1
5 83 1
81 45 1
84 77 1
38 65 1
44 94 1
28 51 1
33 98 1
75 85 1
76 2 1
32 3 1
38 43 1
68 22 1
73 31 1
93 49 1
49 41 1
91 18 1
67 83 1
27 45 1
84 34 1
32 83 1
50 65 1
89 41 1
93 18 1
8 22 1
69 60 1
35 66 1
17 47 1
40 15 1
58 63 1
84 82 1
84 67 1
38 51 1
47 9 1
80 90 1
60 94 1
82 88 1
38 5 1
19 99 1
68 1 1
42 68 1
84 10 1
29 37 1
58 9 1
69 25 1
76 79 1
55 83 1
25 53 1
14 47 1
23 66 1
91 97 1
49 88 1
33 29 1
42 82 1
14 68 1
95 60 1
79 43 1
16 18 1
14 42 1
75 91 1
5 0 1
95 6 1
28 85 1
21 54 1
20 48 1
2 71 1
11 99 1
55 96 1
28 92 1
76 8 1
82 99 1
75 44 1
58 98 1
47 53 1
54 4 1
19 4 1
85 71 1
17 95 1
40 13 1
65 58 1
17 15 1
61 1 1
50 80 1
48 97 1
12 15 1
5 39 1
33 66 1
82 33 1
76 43 1
82 69 1
86 83 1
50 35 1
94 43 1
21 14 1
5 26 1
23 53 1
80 19 1
69 70 1
73 63 1
38 54 1
40 89 1
13 80 1
52 72 1
38 25 1
40 16 1
50 16 1
81 42 1
7 18 1
30 5 1
67 10 1
20 42 1
49 25 1
82 13 1
76 27 1
93 36 1
40 78 1
38 63 1
74 94 1
92 72 1
65 33 1
5 52 1
42 62 1
82 1 1
79 45 1
28 13 1
95 0 1
20 47 1
15 31 1
81 60 1
21 98 1
38 30 1
89 18 1
65 11 1
32 46 1
95 59 1
38 85 1
50 25 1
15 88 1
86 66 1
62 94 1
33 18 1
20 55 1
87 6 1
73 42 1
80 60 1
17 14 1
28 48 1
86 3 1
9 43 1
70 88 1
23 22 1
38 49 1
28 68 1
40 26 1
17 32 1
58 31 1
17 99 1
58 68 1
38 94 1
2 19 1
40 39 1
29 31 1
61 87 1
65 75 1
13 88 1
38 34 1
38 47 1
73 75 1
95 53 1
29 86 1
85 61 1
14 39 1
26 67 1
48 75 1
48 76 1
16 32 1
95 24 1
7 97 1
76 0 1
4 96 1
15 92 1
2 7 1
60 41 1
52 90 1
34 9 1
73 95 1
14 45 1
39 98 1
3 94 1
30 1 1
69 66 1
33 67 1
14 75 1
89 57 1
42 54 1
52 86 1
23 36 1
67 7 1
52 71 1
47 40 1
17 2 1
32 41 1
12 52 1
73 59 1
78 3 1
38 29 1
81 29 1
32 99 1
70 10 1
81 14 1
31 69 1
86 37 1
42 15 1
75 25 1
67 74 1
89 7 1
34 36 1
33 64 1
17 40 1
14 5 1
65 80 1
16 56 1
2 59 1
20 75 1
47 68 1
20 36 1
84 41 1
81 30 1
46 36 1
98 4 1
33 53 1
20 82 1
10 53 1
98 36 1
31 63 1
2 32 1
95 34 1
28 65 1
26 68 1
12 74 1
47 64 1
72 9 1
21 80 1
48 56 1
16 12 1
38 42 1
69 44 1
47 13 1
17 48 1
18 45 1
24 19 1
5 57 1
80 74 1
6 66 1
5 25 1
17 54 1
32 86 1
16 90 1
4 53 1
14 24 1
63 91 1
89 45 1
48 5 1
81 3 1
75 15 1
30 40 1
23 34 1
62 74 1
16 64 1
48 0 1
6 57 1
65 76 1
60 72 1
31 10 1
85 37 1
30 55 1
82 53 1
81 23 1
48 68 1
81 52 1
73 15 1
47 32 1
13 24 1
54 27 1
73 86 1
13 55 1
5 4 1
89 72 1
28 70 1
92 56 1
76 67 1
28 32 1
95 22 1
37 25 1
23 19 1
76 69 1
26 32 1
38 40 1
51 64 1
21 35 1
25 96 1
92 91 1
92 59 1
84 97 1
37 77 1
64 92 1
62 34 1
37 68 1
68 59 1
84 68 1
20 29 1
20 16 1
86 59 1
28 63 1
20 95 1
0 77 1
21 47 1
26 89 1
21 33 1
5 87 1
48 80 1
75 29 1
73 67 1
42 33 1
27 8 1
62 44 1
93 23 1
30 49 1
20 96 1
47 54 1
2 88 1
84 64 1
62 92 1
54 39 1
38 31 1
72 22 1
85 66 1
54 0 1
7 77 1
39 72 1
52 22 1
25 18 1
54 68 1
20 14 1
21 48 1
48 15 1
47 55 1
84 42 1
93 2 1
88 79 1
7 43 1
17 23 1
