1000 2220 20 0
87 153 253 268 351 409 478 496 500 565 590 664 682 707 762 842 868 903 991 997
773 496 1
849 936 1
969 68 1
563 922 1
139 962 1
508 743 1
917 631 1
13 340 1
162 115 1
422 836 1
444 238 1
44 898 1
868 648 1
311 243 1
717 613 1
56 438 1
422 605 1
73 764 1
443 600 1
396 24 1
750 703 1
943 479 1
114 532 1
5 923 1
136 519 1
268 792 1
201 237 1
998 514 1
433 147 1
978 624 1
288 925 1
20 982 1
600 951 1
336 59 1
123 390 1
39 529 1
426 253 1
468 815 1
292 960 1
780 111 1
58 38 1
659 547 1
779 703 1
448 576 1
436 349 1
993 571 1
281 305 1
49 942 1
401 970 1
208 234 1
943 984 1
228 207 1
136 943 1
436 173 1
50 365 1
884 705 1
512 190 1
519 11 1
652 880 1
944 897 1
668 799 1
426 996 1
779 138 1
780 607 1
875 318 1
781 710 1
927 383 1
143 725 1
311 4 1
439 964 1
345 536 1
795 28 1
810 47 1
640 335 1
698 667 1
898 626 1
212 454 1
127 769 1
384 822 1
788 754 1
201 996 1
867 934 1
422 714 1
669 926 1
881 675 1
788 965 1
984 27 1
69 272 1
429 826 1
35 643 1
451 429 1
577 963 1
776 913 1
944 514 1
874 798 1
495 419 1
456 638 1
627 60 1
169 821 1
958 508 1
338 128 1
755 303 1
439 297 1
67 49 1
276 15 1
822 262 1
423 289 1
722 688 1
809 872 1
924 492 1
831 120 1
774 613 1
363 676 1
838 100 1
813 85 1
135 906 1
617 999 1
747 910 1
575 701 1
885 93 1
706 499 1
800 258 1
406 839 1
893 24 1
916 591 1
280 870 1
192 219 1
117 634 1
925 82 1
72 977 1
319 796 1
615 938 1
301 983 1
48 548 1
208 135 1
767 457 1
225 374 1
561 741 1
990 303 1
798 36 1
535 492 1
127 867 1
771 40 1
552 392 1
974 113 1
866 706 1
537 35 1
156 46 1
862 476 1
550 597 1
596 106 1
534 320 1
286 995 1
614 908 1
141 843 1
140 913 1
140 339 1
517 134 1
886 83 1
112 185 1
161 190 1
220 171 1
28 993 1
397 920 1
568 277 1
674 813 1
43 238 1
380 470 1
175 170 1
612 680 1
713 656 1
573 621 1
438 413 1
495 706 1
219 442 1
784 692 1
761 718 1
399 724 1
398 607 1
652 439 1
118 189 1
181 830 1
888 832 1
29 117 1
73 794 1
696 282 1
504 925 1
670 584 1
408 683 1
183 438 1
112 987 1
913 220 1
376 61 1
422 20 1
901 966 1
983 597 1
661 668 1
921 648 1
857 134 1
918 425 1
43 985 1
998 15 1
337 894 1
801 273 1
596 881 1
755 99 1
635 97 1
20 557 1
987 533 1
963 986 1
783 211 1
363 340 1
857 839 1
536 543 1
899 629 1
307 126 1
159 142 1
619 953 1
37 895 1
901 853 1
645 4 1
944 463 1
660 288 1
588 404 1
949 861 1
593 186 1
537 77 1
486 786 1
710 330 1
962 119 1
329 23 1
263 148 1
43 483 1
422 630 1
338 687 1
56 224 1
37 664 1
753 16 1
573 405 1
370 541 1
94 287 1
337 686 1
645 255 1
938 174 1
346 738 1
660 108 1
401 704 1
639 618 1
167 409 1
203 174 1
95 491 1
897 976 1
578 740 1
869 866 1
655 775 1
270 574 1
765 47 1
198 36 1
731 375 1
888 133 1
22 106 1
30 900 1
595 661 1
498 177 1
398 20 1
471 120 1
547 355 1
111 394 1
111 257 1
660 608 1
854 906 1
551 533 1
338 795 1
14 483 1
154 786 1
129 395 1
983 165 1
883 637 1
542 232 1
43 560 1
511 292 1
273 309 1
514 77 1
383 416 1
447 709 1
323 629 1
771 382 1
408 560 1
43 221 1
286 871 1
564 708 1
565 74 1
170 945 1
140 49 1
747 893 1
201 590 1
363 606 1
852 418 1
759 531 1
964 411 1
14 777 1
173 613 1
960 396 1
918 857 1
577 673 1
157 191 1
767 685 1
261 728 1
990 419 1
378 10 1
409 869 1
566 64 1
586 471 1
809 665 1
635 141 1
419 703 1
474 129 1
635 772 1
285 423 1
235 641 1
918 403 1
150 159 1
603 519 1
602 445 1
118 497 1
365 557 1
471 438 1
161 690 1
522 102 1
488 54 1
511 383 1
300 576 1
567 667 1
547 788 1
868 71 1
197 896 1
370 564 1
624 152 1
741 576 1
750 402 1
29 424 1
874 654 1
485 930 1
862 769 1
640 146 1
791 415 1
190 584 1
329 180 1
519 445 1
716 759 1
313 271 1
687 327 1
527 793 1
715 954 1
175 547 1
623 845 1
423 899 1
163 146 1
242 955 1
315 326 1
753 164 1
429 753 1
777 416 1
825 145 1
918 983 1
721 482 1
110 179 1
859 521 1
14 204 1
89 613 1
558 817 1
803 584 1
462 784 1
388 505 1
786 675 1
622 512 1
175 848 1
871 82 1
790 319 1
944 652 1
712 941 1
867 255 1
498 796 1
265 45 1
17 572 1
775 257 1
804 856 1
464 749 1
230 619 1
315 130 1
391 205 1
98 570 1
301 683 1
867 56 1
544 717 1
328 321 1
860 517 1
329 572 1
608 657 1
896 407 1
525 209 1
701 819 1
356 905 1
337 699 1
1 85 1
419 628 1
70 510 1
29 628 1
593 661 1
46 425 1
921 845 1
556 476 1
780 590 1
258 131 1
603 941 1
261 572 1
357 762 1
975 259 1
802 63 1
231 996 1
864 210 1
765 888 1
848 869 1
191 636 1
212 29 1
700 34 1
4 331 1
330 381 1
89 561 1
3 872 1
838 811 1
778 342 1
804 701 1
427 795 1
493 676 1
107 97 1
485 389 1
692 648 1
20 952 1
732 628 1
556 844 1
235 608 1
663 857 1
785 951 1
626 574 1
577 58 1
546 629 1
261 979 1
9 137 1
809 469 1
577 92 1
106 2 1
632 74 1
598 335 1
303 772 1
694 144 1
824 610 1
523 829 1
429 333 1
125 886 1
410 151 1
878 183 1
988 47 1
825 920 1
700 201 1
182 509 1
607 55 1
995 325 1
562 742 1
753 88 1
50 695 1
602 872 1
41 269 1
796 241 1
431 450 1
443 304 1
272 122 1
914 192 1
940 739 1
174 171 1
531 325 1
354 616 1
264 223 1
323 770 1
129 874 1
715 858 1
563 800 1
504 372 1
211 388 1
398 538 1
635 489 1
884 235 1
808 574 1
484 219 1
662 529 1
9 360 1
6 449 1
924 240 1
410 89 1
875 251 1
620 470 1
72 29 1
683 824 1
511 99 1
590 717 1
226 545 1
334 57 1
809 931 1
99 963 1
229 352 1
138 566 1
468 563 1
223 916 1
915 304 1
259 961 1
825 12 1
771 746 1
74 472 1
842 413 1
219 966 1
49 578 1
248 90 1
20 663 1
707 694 1
732 971 1
439 886 1
558 850 1
14 807 1
885 947 1
353 625 1
962 637 1
417 870 1
349 679 1
805 977 1
967 660 1
338 649 1
383 249 1
912 897 1
150 694 1
115 679 1
510 675 1
487 343 1
301 341 1
64 643 1
804 296 1
488 570 1
610 98 1
930 124 1
102 939 1
410 952 1
576 999 1
740 737 1
68 322 1
242 987 1
887 592 1
700 87 1
729 929 1
963 178 1
583 7 1
275 456 1
489 249 1
826 391 1
594 834 1
614 993 1
923 858 1
916 12 1
289 157 1
419 504 1
691 693 1
394 388 1
846 581 1
607 204 1
771 123 1
491 686 1
158 278 1
192 24 1
437 441 1
565 399 1
865 420 1
788 34 1
596 448 1
638 576 1
223 930 1
987 515 1
611 815 1
33 432 1
195 724 1
971 188 1
920 53 1
436 996 1
553 356 1
949 373 1
809 482 1
140 785 1
779 868 1
788 955 1
49 849 1
246 92 1
946 794 1
97 579 1
707 431 1
857 313 1
837 710 1
548 709 1
436 58 1
807 243 1
910 220 1
658 119 1
162 837 1
748 933 1
700 228 1
225 767 1
480 672 1
790 323 1
15 559 1
789 424 1
16 638 1
22 562 1
781 431 1
653 126 1
19 131 1
30 503 1
958 963 1
780 767 1
949 783 1
429 950 1
769 215 1
403 202 1
574 531 1
446 631 1
354 377 1
747 480 1
490 995 1
683 534 1
943 957 1
776 195 1
484 485 1
709 981 1
963 964 1
845 1 1
175 979 1
338 311 1
370 527 1
982 566 1
350 932 1
84 556 1
208 299 1
604 889 1
307 328 1
912 172 1
406 773 1
510 809 1
836 477 1
229 199 1
373 309 1
326 385 1
181 959 1
371 155 1
466 676 1
61 91 1
987 499 1
891 146 1
23 224 1
197 911 1
72 153 1
298 738 1
200 96 1
439 522 1
49 969 1
381 193 1
644 513 1
265 359 1
440 667 1
500 523 1
224 832 1
422 916 1
702 819 1
653 20 1
47 571 1
404 575 1
425 325 1
309 357 1
256 716 1
230 640 1
31 429 1
609 835 1
62 85 1
127 811 1
389 973 1
651 972 1
491 970 1
675 929 1
728 999 1
218 266 1
804 883 1
488 195 1
107 652 1
372 559 1
734 963 1
596 366 1
851 618 1
783 74 1
253 590 1
943 580 1
453 367 1
401 883 1
452 908 1
754 963 1
935 592 1
997 558 1
862 175 1
654 526 1
66 156 1
209 460 1
762 571 1
997 413 1
321 267 1
164 997 1
586 887 1
547 832 1
659 329 1
711 191 1
5 176 1
330 65 1
536 535 1
893 562 1
587 764 1
856 880 1
338 162 1
311 767 1
551 849 1
398 848 1
80 36 1
408 523 1
481 430 1
751 606 1
795 134 1
879 174 1
288 189 1
632 955 1
967 683 1
946 643 1
937 591 1
112 439 1
847 764 1
669 373 1
139 241 1
910 41 1
67 844 1
524 574 1
766 358 1
586 28 1
559 53 1
950 674 1
909 159 1
26 698 1
738 770 1
408 530 1
676 346 1
929 749 1
377 52 1
265 138 1
781 108 1
419 432 1
691 809 1
540 555 1
991 976 1
689 186 1
317 486 1
468 674 1
82 435 1
42 606 1
942 827 1
625 47 1
263 479 1
219 299 1
495 881 1
937 968 1
376 142 1
135 782 1
485 911 1
382 42 1
739 571 1
610 682 1
974 613 1
949 785 1
17 477 1
389 600 1
87 812 1
766 437 1
634 774 1
76 55 1
192 765 1
434 933 1
248 834 1
768 842 1
851 233 1
923 594 1
952 963 1
623 984 1
171 188 1
761 191 1
780 62 1
672 590 1
615 790 1
488 973 1
437 661 1
911 887 1
566 249 1
80 349 1
419 514 1
821 104 1
768 730 1
840 598 1
345 252 1
90 335 1
518 304 1
950 573 1
775 104 1
486 166 1
218 545 1
14 323 1
306 335 1
116 649 1
577 956 1
612 15 1
213 353 1
95 79 1
462 471 1
161 978 1
57 975 1
315 268 1
900 163 1
881 389 1
530 756 1
346 342 1
785 450 1
653 817 1
761 767 1
851 827 1
599 78 1
763 814 1
527 795 1
410 627 1
164 365 1
175 564 1
715 336 1
273 745 1
440 423 1
465 643 1
609 482 1
499 887 1
496 796 1
131 348 1
532 64 1
833 357 1
901 622 1
679 322 1
366 865 1
980 724 1
440 215 1
126 910 1
949 167 1
568 693 1
179 188 1
214 585 1
71 52 1
408 436 1
448 830 1
878 13 1
889 499 1
747 892 1
200 319 1
519 454 1
406 350 1
615 39 1
882 231 1
929 116 1
997 963 1
743 411 1
507 554 1
441 374 1
199 55 1
884 271 1
908 442 1
109 592 1
296 102 1
234 45 1
261 821 1
888 349 1
586 990 1
665 799 1
606 103 1
120 496 1
689 878 1
408 297 1
451 989 1
302 737 1
387 559 1
608 482 1
52 166 1
876 241 1
878 362 1
95 194 1
573 703 1
329 779 1
806 947 1
506 576 1
150 385 1
804 577 1
910 201 1
371 320 1
943 923 1
687 879 1
485 481 1
735 818 1
160 778 1
655 31 1
775 847 1
906 673 1
998 935 1
474 317 1
879 978 1
967 123 1
983 520 1
802 660 1
307 608 1
692 559 1
288 500 1
823 764 1
523 470 1
407 858 1
19 295 1
766 396 1
432 139 1
881 540 1
902 371 1
721 820 1
825 114 1
940 267 1
145 245 1
277 35 1
175 187 1
645 54 1
453 327 1
49 677 1
705 389 1
650 598 1
653 871 1
124 81 1
256 731 1
462 755 1
885 630 1
5 778 1
485 650 1
513 262 1
750 277 1
321 26 1
850 794 1
485 218 1
107 185 1
988 38 1
93 270 1
145 424 1
700 832 1
924 13 1
225 285 1
830 494 1
747 350 1
14 193 1
3 733 1
19 41 1
309 216 1
417 549 1
225 438 1
5 552 1
683 826 1
495 867 1
610 132 1
95 234 1
56 557 1
910 948 1
756 275 1
833 638 1
996 859 1
49 722 1
744 943 1
677 35 1
950 55 1
673 435 1
555 817 1
127 762 1
330 144 1
610 518 1
856 335 1
264 557 1
10 273 1
97 598 1
198 145 1
309 101 1
894 843 1
185 397 1
178 461 1
297 163 1
44 230 1
329 262 1
804 971 1
819 670 1
20 906 1
460 348 1
692 545 1
818 109 1
542 686 1
267 266 1
439 289 1
138 616 1
348 571 1
5 15 1
632 389 1
147 883 1
398 516 1
145 708 1
609 577 1
611 896 1
596 623 1
151 521 1
198 790 1
833 333 1
192 813 1
370 363 1
805 435 1
481 775 1
387 957 1
595 434 1
424 171 1
805 50 1
525 255 1
441 665 1
452 799 1
269 933 1
934 421 1
369 699 1
519 586 1
339 467 1
115 751 1
811 595 1
495 423 1
739 399 1
608 680 1
330 69 1
505 326 1
167 509 1
607 532 1
251 995 1
801 181 1
609 311 1
376 810 1
70 679 1
145 807 1
949 759 1
787 188 1
542 806 1
608 869 1
728 292 1
80 846 1
836 621 1
897 762 1
663 103 1
478 672 1
687 863 1
41 147 1
781 286 1
809 601 1
834 787 1
604 623 1
421 100 1
958 779 1
8 502 1
524 658 1
530 213 1
56 883 1
998 768 1
280 586 1
560 738 1
288 677 1
378 713 1
569 997 1
406 178 1
888 639 1
453 273 1
140 321 1
346 253 1
130 822 1
479 856 1
240 625 1
718 1 1
565 562 1
44 468 1
804 140 1
776 119 1
67 669 1
238 980 1
970 287 1
955 244 1
463 517 1
637 310 1
977 341 1
719 258 1
228 798 1
172 122 1
199 540 1
859 829 1
927 561 1
158 819 1
472 791 1
697 814 1
298 90 1
387 945 1
526 827 1
284 602 1
603 18 1
884 288 1
676 36 1
816 246 1
79 737 1
658 777 1
744 569 1
167 393 1
930 84 1
486 715 1
410 265 1
96 674 1
508 922 1
676 681 1
287 134 1
436 77 1
235 527 1
988 447 1
683 978 1
833 221 1
802 768 1
105 390 1
145 719 1
690 799 1
885 478 1
458 168 1
392 939 1
290 21 1
489 274 1
658 260 1
501 416 1
502 512 1
898 82 1
784 115 1
901 32 1
441 494 1
420 209 1
43 25 1
585 751 1
65 723 1
863 938 1
147 525 1
632 410 1
364 516 1
362 234 1
66 143 1
944 711 1
86 984 1
648 353 1
273 817 1
747 784 1
721 618 1
783 502 1
254 110 1
538 51 1
786 179 1
315 100 1
533 41 1
481 95 1
568 540 1
790 223 1
200 934 1
635 582 1
735 831 1
655 83 1
288 732 1
700 401 1
572 588 1
342 531 1
769 696 1
680 625 1
360 629 1
14 152 1
80 822 1
333 281 1
438 876 1
586 728 1
83 575 1
235 983 1
231 400 1
444 483 1
374 993 1
74 684 1
730 843 1
683 129 1
489 117 1
804 29 1
82 178 1
655 245 1
127 980 1
707 830 1
519 403 1
872 85 1
547 259 1
573 575 1
29 736 1
227 812 1
136 352 1
990 663 1
991 531 1
659 475 1
307 160 1
264 493 1
284 39 1
369 803 1
98 601 1
934 976 1
386 741 1
313 680 1
620 877 1
160 682 1
924 363 1
901 922 1
37 316 1
274 92 1
533 423 1
129 873 1
164 969 1
200 879 1
339 148 1
693 359 1
484 716 1
482 860 1
927 926 1
24 698 1
927 426 1
653 586 1
682 300 1
507 336 1
655 998 1
356 953 1
9 491 1
378 126 1
71 358 1
955 578 1
809 412 1
307 906 1
805 538 1
878 403 1
901 316 1
37 140 1
204 101 1
80 162 1
5 140 1
724 671 1
22 133 1
728 490 1
723 900 1
581 184 1
533 131 1
345 466 1
966 880 1
878 874 1
52 332 1
521 864 1
793 947 1
805 130 1
370 118 1
164 893 1
775 937 1
334 862 1
345 898 1
865 2 1
783 734 1
371 842 1
307 730 1
264 32 1
804 952 1
560 425 1
49 13 1
86 632 1
750 772 1
723 346 1
507 217 1
240 815 1
687 725 1
884 74 1
683 254 1
691 649 1
542 169 1
976 281 1
232 380 1
524 94 1
760 111 1
529 231 1
961 258 1
137 699 1
591 302 1
56 524 1
565 32 1
929 361 1
653 454 1
687 507 1
642 917 1
164 254 1
565 226 1
261 927 1
755 355 1
570 137 1
952 16 1
610 202 1
586 633 1
265 486 1
101 933 1
781 914 1
370 501 1
452 397 1
250 961 1
363 486 1
63 412 1
152 137 1
565 660 1
652 218 1
527 450 1
812 572 1
940 45 1
45 415 1
918 878 1
653 240 1
378 806 1
39 943 1
31 605 1
610 154 1
113 646 1
610 386 1
504 119 1
426 374 1
427 550 1
902 157 1
367 974 1
193 864 1
663 153 1
551 982 1
656 678 1
34 816 1
30 608 1
712 764 1
494 576 1
497 294 1
862 856 1
338 208 1
105 968 1
683 480 1
801 942 1
209 523 1
493 974 1
833 703 1
767 803 1
393 631 1
49 312 1
268 851 1
221 575 1
321 618 1
217 956 1
991 221 1
534 319 1
198 468 1
99 932 1
333 891 1
280 202 1
922 513 1
642 305 1
440 338 1
757 33 1
950 600 1
515 425 1
833 988 1
328 320 1
416 800 1
485 766 1
874 787 1
164 562 1
895 7 1
511 227 1
826 414 1
694 621 1
205 53 1
299 246 1
82 131 1
467 210 1
440 418 1
594 375 1
327 946 1
854 414 1
551 619 1
401 132 1
31 33 1
276 746 1
78 792 1
412 332 1
295 936 1
781 850 1
276 46 1
485 636 1
597 915 1
754 599 1
890 47 1
662 537 1
43 447 1
427 623 1
744 580 1
645 943 1
658 73 1
858 109 1
331 793 1
333 776 1
454 308 1
468 4 1
279 548 1
544 522 1
293 642 1
30 428 1
542 847 1
721 824 1
307 329 1
859 506 1
823 720 1
867 406 1
560 412 1
31 517 1
433 65 1
12 385 1
112 838 1
967 48 1
918 614 1
761 228 1
628 3 1
727 166 1
918 70 1
708 306 1
812 982 1
444 742 1
658 106 1
837 208 1
619 396 1
781 361 1
223 321 1
148 961 1
196 550 1
451 536 1
301 66 1
373 558 1
692 323 1
580 414 1
603 549 1
17 591 1
426 930 1
790 595 1
30 902 1
890 407 1
66 941 1
225 416 1
304 262 1
339 854 1
112 519 1
445 600 1
449 42 1
837 147 1
223 45 1
333 228 1
534 830 1
271 53 1
136 583 1
798 221 1
761 288 1
469 402 1
832 543 1
369 693 1
238 789 1
256 339 1
596 146 1
59 217 1
636 460 1
905 626 1
158 135 1
700 351 1
996 583 1
611 328 1
786 782 1
486 871 1
331 610 1
784 74 1
674 473 1
547 347 1
407 313 1
493 66 1
177 351 1
716 713 1
493 532 1
566 941 1
162 158 1
98 244 1
471 514 1
806 314 1
754 826 1
927 441 1
787 294 1
491 822 1
671 571 1
351 999 1
557 699 1
840 461 1
108 574 1
630 551 1
824 568 1
280 989 1
658 460 1
364 937 1
34 155 1
255 920 1
344 941 1
284 383 1
868 931 1
967 923 1
422 904 1
558 159 1
423 864 1
736 399 1
737 85 1
578 84 1
530 504 1
88 6 1
330 647 1
70 421 1
268 664 1
967 868 1
831 860 1
108 252 1
444 351 1
422 768 1
312 814 1
827 505 1
450 545 1
188 1 1
905 282 1
646 911 1
121 84 1
565 75 1
979 266 1
868 286 1
823 847 1
862 327 1
728 840 1
221 873 1
333 950 1
788 52 1
590 260 1
389 105 1
317 144 1
604 783 1
238 328 1
514 167 1
311 263 1
485 952 1
794 91 1
884 464 1
689 316 1
552 214 1
381 805 1
20 34 1
857 763 1
340 103 1
355 244 1
481 620 1
814 245 1
561 47 1
115 639 1
202 764 1
983 941 1
126 344 1
604 674 1
657 492 1
197 478 1
60 385 1
198 556 1
485 880 1
573 760 1
752 828 1
170 613 1
653 745 1
472 894 1
910 697 1
477 258 1
18 385 1
44 180 1
539 679 1
533 921 1
486 743 1
328 57 1
19 547 1
599 271 1
689 459 1
469 377 1
78 859 1
597 325 1
235 921 1
169 239 1
317 345 1
684 800 1
945 392 1
231 365 1
453 807 1
32 160 1
212 227 1
728 554 1
398 909 1
771 144 1
309 696 1
292 848 1
169 667 1
413 737 1
31 601 1
980 59 1
688 404 1
55 580 1
261 559 1
98 869 1
760 7 1
675 992 1
799 956 1
39 940 1
17 29 1
307 401 1
486 674 1
676 644 1
261 878 1
32 541 1
623 746 1
242 459 1
176 157 1
406 758 1
389 477 1
972 435 1
305 411 1
790 934 1
656 953 1
361 239 1
569 518 1
836 570 1
71 953 1
93 323 1
944 607 1
564 144 1
229 790 1
281 460 1
683 219 1
51 310 1
645 739 1
356 749 1
940 350 1
868 268 1
934 834 1
767 293 1
713 348 1
653 236 1
817 666 1
681 933 1
418 903 1
402 455 1
395 332 1
80 89 1
67 840 1
895 290 1
229 429 1
441 458 1
928 385 1
332 157 1
145 142 1
947 905 1
320 933 1
683 452 1
771 9 1
989 139 1
261 969 1
366 968 1
614 109 1
390 953 1
776 267 1
479 423 1
242 507 1
36 134 1
945 587 1
380 181 1
583 782 1
867 919 1
568 850 1
634 894 1
655 113 1
294 777 1
927 156 1
81 787 1
974 166 1
368 250 1
790 182 1
472 9 1
440 654 1
442 379 1
20 92 1
744 878 1
334 485 1
235 825 1
212 210 1
25 601 1
505 131 1
440 767 1
885 837 1
321 266 1
943 601 1
542 702 1
910 282 1
67 848 1
264 743 1
34 628 1
632 539 1
950 206 1
339 202 1
969 458 1
901 669 1
519 749 1
609 14 1
291 342 1
590 184 1
755 242 1
461 584 1
314 272 1
243 960 1
454 41 1
292 543 1
722 566 1
437 693 1
967 167 1
134 592 1
776 599 1
790 984 1
247 183 1
401 450 1
883 758 1
284 991 1
608 593 1
283 756 1
744 49 1
563 888 1
11 920 1
16 841 1
723 535 1
689 797 1
615 645 1
601 665 1
733 649 1
242 74 1
967 735 1
883 69 1
543 220 1
201 613 1
107 444 1
429 362 1
516 257 1
804 276 1
200 497 1
514 679 1
481 121 1
605 738 1
459 774 1
934 492 1
359 132 1
722 831 1
989 20 1
921 191 1
589 751 1
963 857 1
433 957 1
926 999 1
427 214 1
851 772 1
383 385 1
620 624 1
747 292 1
767 306 1
166 762 1
479 979 1
37 952 1
470 411 1
500 811 1
884 180 1
75 919 1
481 494 1
655 719 1
498 808 1
455 671 1
841 269 1
118 752 1
290 395 1
21 40 1
317 736 1
146 343 1
837 89 1
599 9 1
482 661 1
290 465 1
678 42 1
700 227 1
790 729 1
589 994 1
34 95 1
54 800 1
797 843 1
72 108 1
466 538 1
781 315 1
605 894 1
637 907 1
273 760 1
867 129 1
100 388 1
880 887 1
273 897 1
747 88 1
612 70 1
280 631 1
433 387 1
863 169 1
924 144 1
835 184 1
723 296 1
339 726 1
153 455 1
284 611 1
492 282 1
242 544 1
820 62 1
772 546 1
988 818 1
221 379 1
74 487 1
56 517 1
301 754 1
408 635 1
753 262 1
635 452 1
804 311 1
387 453 1
401 617 1
990 252 1
260 727 1
549 505 1
650 643 1
752 817 1
372 670 1
728 157 1
44 525 1
641 644 1
759 801 1
307 934 1
511 741 1
195 792 1
655 15 1
692 445 1
67 705 1
85 638 1
508 456 1
278 327 1
227 345 1
707 233 1
826 166 1
212 893 1
674 932 1
853 748 1
486 423 1
509 143 1
483 704 1
429 733 1
656 631 1
208 304 1
249 54 1
795 957 1
519 202 1
615 971 1
262 571 1
904 308 1
843 467 1
502 762 1
511 853 1
198 242 1
373 796 1
564 832 1
614 253 1
227 857 1
662 12 1
72 554 1
502 946 1
667 920 1
89 88 1
547 809 1
669 270 1
983 573 1
447 279 1
426 520 1
256 650 1
550 134 1
768 477 1
197 899 1
373 976 1
867 738 1
649 522 1
382 177 1
318 699 1
367 656 1
237 864 1
630 589 1
232 567 1
98 750 1
959 84 1
273 248 1
892 844 1
373 410 1
983 820 1
603 172 1
240 10 1
974 431 1
542 216 1
910 888 1
986 911 1
655 872 1
632 698 1
276 298 1
936 64 1
930 585 1
998 997 1
948 94 1
167 628 1
510 109 1
75 356 1
354 32 1
548 343 1
379 348 1
71 532 1
19 197 1
498 350 1
616 791 1
554 665 1
829 166 1
919 657 1
746 895 1
695 388 1
381 751 1
865 823 1
904 811 1
428 313 1
684 248 1
472 257 1
343 667 1
573 222 1
790 58 1
34 534 1
975 270 1
74 772 1
466 576 1
313 383 1
356 917 1
886 396 1
334 364 1
833 166 1
833 987 1
93 487 1
400 842 1
806 76 1
129 110 1
49 114 1
884 479 1
252 407 1
121 597 1
428 203 1
870 546 1
828 516 1
770 797 1
874 76 1
966 249 1
726 917 1
721 254 1
216 452 1
429 227 1
722 654 1
242 395 1
630 358 1
901 419 1
308 335 1
944 797 1
200 197 1
729 505 1
340 287 1
812 578 1
479 865 1
910 230 1
99 722 1
180 320 1
317 227 1
586 652 1
919 570 1
655 622 1
815 826 1
493 672 1
462 723 1
80 498 1
957 919 1
330 642 1
186 295 1
924 783 1
475 296 1
19 508 1
769 507 1
200 952 1
685 163 1
283 645 1
498 889 1
826 713 1
487 376 1
855 693 1
710 836 1
335 638 1
316 384 1
595 522 1
632 253 1
823 291 1
581 814 1
185 217 1
534 267 1
130 631 1
645 902 1
944 691 1
19 742 1
197 708 1
856 324 1
527 397 1
603 749 1
390 852 1
311 662 1
479 125 1
352 992 1
2 667 1
782 668 1
479 149 1
884 707 1
863 428 1
194 592 1
479 381 1
317 782 1
483 516 1
929 365 1
341 621 1
367 340 1
231 581 1
935 217 1
951 262 1
604 208 1
19 914 1
276 614 1
623 643 1
264 597 1
140 783 1
862 359 1
74 391 1
383 337 1
39 632 1
610 544 1
669 888 1
111 353 1
99 323 1
149 938 1
108 824 1
611 0 1
161 224 1
398 651 1
228 838 1
422 886 1
431 972 1
550 25 1
236 505 1
457 807 1
783 858 1
732 401 1
485 476 1
662 736 1
426 671 1
324 642 1
283 162 1
369 140 1
582 169 1
478 594 1
39 70 1
833 351 1
395 915 1
622 696 1
742 852 1
307 443 1
161 932 1
458 347 1
527 161 1
324 359 1
934 650 1
949 98 1
939 973 1
283 373 1
143 446 1
363 690 1
414 262 1
881 561 1
86 43 1
694 741 1
222 818 1
370 774 1
714 152 1
913 57 1
98 388 1
924 22 1
650 3 1
588 933 1
239 920 1
197 927 1
703 414 1
247 238 1
818 959 1
967 280 1
483 452 1
194 805 1
29 723 1
36 597 1
904 907 1
712 802 1
764 325 1
635 866 1
52 606 1
867 988 1
868 541 1
145 763 1
595 335 1
417 195 1
867 541 1
293 553 1
755 510 1
338 752 1
378 149 1
110 871 1
812 834 1
10 883 1
33 368 1
317 502 1
276 235 1
807 708 1
511 303 1
148 469 1
956 861 1
483 972 1
564 12 1
710 328 1
281 505 1
553 681 1
454 352 1
298 496 1
870 771 1
784 882 1
602 986 1
702 250 1
601 690 1
853 167 1
907 889 1
72 564 1
615 875 1
790 738 1
212 444 1
150 239 1
103 53 1
943 387 1
753 101 1
129 179 1
874 734 1
19 126 1
207 774 1
884 735 1
138 244 1
619 674 1
307 890 1
132 928 1
229 113 1
409 912 1
645 82 1
354 30 1
451 289 1
533 273 1
65 940 1
804 158 1
609 164 1
210 926 1
489 957 1
405 643 1
333 173 1
352 300 1
758 999 1
200 317 1
784 528 1
934 453 1
